1590434139809 0 0
1590434139989 0 10
1590434140145 0 20
1590434140299 0 30
1590434140445 0 40
1590434140588 0 50
1590434140731 0 60
1590434140873 0 70
1590434141023 0 80
1590434141166 0 90
1590434141316 0 100
1590434141464 0 110
1590434141617 0 120
1590434141773 0 130
1590434141938 0 140
1590434142093 0 150
1590434142247 0 160
1590434142403 0 170
1590434142558 0 180
1590434142709 0 190
1590434142857 0 200
1590434143000 0 210
1590434143159 0 220
1590434143313 0 230
1590434143465 0 240
1590434143628 0 250
1590434143777 0 260
1590434143921 0 270
1590434144063 0 280
1590434144205 0 290
1590434144348 0 300
1590434144489 0 310
1590434144643 0 320
1590434144794 0 330
1590434144943 0 340
1590434145079 0 350
1590434145221 0 360
1590434145362 0 370
1590434145504 0 380
1590434145652 0 390
1590434145876 1 400
1590434146019 1 410
1590434146167 1 420
1590434146308 1 430
1590434146448 1 440
1590434146589 1 450
1590434146729 1 460
1590434146870 1 470
1590434147012 1 480
1590434147156 1 490
1590434147293 1 500
1590434147441 1 510
1590434147584 1 520
1590434147726 1 530
1590434147868 1 540
1590434148008 1 550
1590434148152 1 560
1590434148291 1 570
1590434148436 1 580
1590434148577 1 590
1590434148721 1 600
1590434148862 1 610
1590434149004 1 620
1590434149142 1 630
1590434149284 1 640
1590434149425 1 650
1590434149567 1 660
1590434149709 1 670
1590434149850 1 680
1590434149989 1 690
1590434150129 1 700
1590434150269 1 710
1590434150409 1 720
1590434150552 1 730
1590434150693 1 740
1590434150841 1 750
1590434150985 1 760
1590434151127 1 770
1590434151268 1 780
1590434151408 1 790
1590434151630 2 800
1590434151768 2 810
1590434151909 2 820
1590434152055 2 830
1590434152200 2 840
1590434152349 2 850
1590434152492 2 860
1590434152635 2 870
1590434152776 2 880
1590434152917 2 890
1590434153075 2 900
1590434153233 2 910
1590434153387 2 920
1590434153538 2 930
1590434153687 2 940
1590434153826 2 950
1590434153963 2 960
1590434154102 2 970
1590434154242 2 980
1590434154392 2 990
1590434154533 2 1000
1590434154672 2 1010
1590434154811 2 1020
1590434154956 2 1030
1590434155104 2 1040
1590434155244 2 1050
1590434155387 2 1060
1590434155532 2 1070
1590434155681 2 1080
1590434155830 2 1090
1590434155982 2 1100
1590434156124 2 1110
1590434156262 2 1120
1590434156405 2 1130
1590434156545 2 1140
1590434156683 2 1150
1590434156827 2 1160
1590434156975 2 1170
1590434157130 2 1180
1590434157279 2 1190
