1590434139809 0.13599489629268646 0
1590434139989 0.11286522448062897 10
1590434140145 0.1092044860124588 20
1590434140299 0.10690740495920181 30
1590434140445 0.10472629219293594 40
1590434140588 0.09500058740377426 50
1590434140731 0.08315535634756088 60
1590434140873 0.07327297329902649 70
1590434141023 0.0662769302725792 80
1590434141166 0.060062602162361145 90
1590434141316 0.056776262819767 100
1590434141464 0.05187581479549408 110
1590434141617 0.04925521835684776 120
1590434141773 0.046370550990104675 130
1590434141938 0.04242359846830368 140
1590434142093 0.042125850915908813 150
1590434142247 0.03982827439904213 160
1590434142403 0.03932034969329834 170
1590434142558 0.03739876672625542 180
1590434142709 0.038382235914468765 190
1590434142857 0.03817249462008476 200
1590434143000 0.03501397743821144 210
1590434143159 0.035286083817481995 220
1590434143313 0.03489440307021141 230
1590434143465 0.034225933253765106 240
1590434143628 0.033283211290836334 250
1590434143777 0.03239355981349945 260
1590434143921 0.03160937875509262 270
1590434144063 0.03161921352148056 280
1590434144205 0.02938833273947239 290
1590434144348 0.03028165176510811 300
1590434144489 0.030454440042376518 310
1590434144643 0.029244011268019676 320
1590434144794 0.02998065948486328 330
1590434144943 0.02751237340271473 340
1590434145079 0.027823330834507942 350
1590434145221 0.02904239110648632 360
1590434145362 0.027433373034000397 370
1590434145504 0.026315387338399887 380
1590434145652 0.026275651529431343 390
1590434145876 0.026639623567461967 400
1590434146019 0.024969546124339104 410
1590434146167 0.025118404999375343 420
1590434146308 0.024979982525110245 430
1590434146448 0.02469242736697197 440
1590434146589 0.02377215214073658 450
1590434146729 0.023755017668008804 460
1590434146870 0.023883633315563202 470
1590434147012 0.023632418364286423 480
1590434147156 0.024342741817235947 490
1590434147293 0.023541536182165146 500
1590434147441 0.024340715259313583 510
1590434147584 0.022037560120224953 520
1590434147726 0.022966451942920685 530
1590434147868 0.02363741584122181 540
1590434148008 0.022110547870397568 550
1590434148152 0.022745396941900253 560
1590434148291 0.021966515108942986 570
1590434148436 0.02187260054051876 580
1590434148577 0.02114943228662014 590
1590434148721 0.02153223194181919 600
1590434148862 0.02113315463066101 610
1590434149004 0.020838715136051178 620
1590434149142 0.02122713066637516 630
1590434149284 0.021535176783800125 640
1590434149425 0.020468872040510178 650
1590434149567 0.020411666482686996 660
1590434149709 0.020931508392095566 670
1590434149850 0.019893037155270576 680
1590434149989 0.019234098494052887 690
1590434150129 0.020282888785004616 700
1590434150269 0.019585037603974342 710
1590434150409 0.01973341405391693 720
1590434150552 0.0200696662068367 730
1590434150693 0.019158488139510155 740
1590434150841 0.018318410962820053 750
1590434150985 0.01835743710398674 760
1590434151127 0.01903725042939186 770
1590434151268 0.018349461257457733 780
1590434151408 0.018367672339081764 790
1590434151630 0.019080450758337975 800
1590434151768 0.019279025495052338 810
1590434151909 0.01831289567053318 820
1590434152055 0.019000021740794182 830
1590434152200 0.017764026299118996 840
1590434152349 0.017940200865268707 850
1590434152492 0.017281873151659966 860
1590434152635 0.01836165226995945 870
1590434152776 0.017482005059719086 880
1590434152917 0.018129738047719002 890
1590434153075 0.017795970663428307 900
1590434153233 0.01655673049390316 910
1590434153387 0.017384996637701988 920
1590434153538 0.017440427094697952 930
1590434153687 0.017215585336089134 940
1590434153826 0.017749911174178123 950
1590434153963 0.01723257638514042 960
1590434154102 0.015992004424333572 970
1590434154242 0.015262879431247711 980
1590434154392 0.01649751141667366 990
1590434154533 0.01575242355465889 1000
1590434154672 0.016826843842864037 1010
1590434154811 0.01562582328915596 1020
1590434154956 0.01571020856499672 1030
1590434155104 0.016531111672520638 1040
1590434155244 0.016692625358700752 1050
1590434155387 0.016181768849492073 1060
1590434155532 0.015504392795264721 1070
1590434155681 0.01610531285405159 1080
1590434155830 0.015134376473724842 1090
1590434155982 0.01516699232161045 1100
1590434156124 0.014950232580304146 1110
1590434156262 0.01515594869852066 1120
1590434156405 0.014945697970688343 1130
1590434156545 0.014566609635949135 1140
1590434156683 0.014956366270780563 1150
1590434156827 0.014526024460792542 1160
1590434156975 0.015149838291108608 1170
1590434157130 0.015165065415203571 1180
1590434157279 0.014951919205486774 1190
