1590433033446 0 0
1590433033627 0 10
1590433033790 0 20
1590433033929 0 30
1590433034069 0 40
1590433034214 0 50
1590433034363 0 60
1590433034565 0 70
1590433034738 0 80
1590433034875 0 90
1590433035017 0 100
1590433035157 0 110
1590433035297 0 120
1590433035438 0 130
1590433035579 0 140
1590433035718 0 150
1590433035858 0 160
1590433036008 0 170
1590433036157 0 180
1590433036298 0 190
1590433036444 0 200
1590433036583 0 210
1590433036721 0 220
1590433036853 0 230
1590433036987 0 240
1590433037127 0 250
1590433037267 0 260
1590433037407 0 270
1590433037547 0 280
1590433037686 0 290
1590433037827 0 300
1590433037968 0 310
1590433038100 0 320
1590433038234 0 330
1590433038370 0 340
1590433038500 0 350
1590433038656 0 360
1590433038799 0 370
1590433038941 0 380
1590433039089 0 390
1590433039319 1 400
1590433039479 1 410
1590433039629 1 420
1590433039765 1 430
1590433039905 1 440
1590433040059 1 450
1590433040205 1 460
1590433040354 1 470
1590433040506 1 480
1590433040648 1 490
1590433040790 1 500
1590433040931 1 510
1590433041072 1 520
1590433041212 1 530
1590433041355 1 540
1590433041509 1 550
1590433041651 1 560
1590433041794 1 570
1590433041936 1 580
1590433042077 1 590
1590433042217 1 600
1590433042358 1 610
1590433042499 1 620
1590433042640 1 630
1590433042780 1 640
1590433042921 1 650
1590433043072 1 660
1590433043209 1 670
1590433043346 1 680
1590433043485 1 690
1590433043626 1 700
1590433043767 1 710
1590433043913 1 720
1590433044058 1 730
1590433044194 1 740
1590433044330 1 750
1590433044470 1 760
1590433044612 1 770
1590433044751 1 780
1590433044899 1 790
1590433045125 2 800
1590433045265 2 810
1590433045401 2 820
1590433045538 2 830
1590433045677 2 840
1590433045824 2 850
1590433045959 2 860
1590433046112 2 870
1590433046259 2 880
1590433046401 2 890
1590433046540 2 900
1590433046682 2 910
1590433046843 2 920
1590433046999 2 930
1590433047136 2 940
1590433047275 2 950
1590433047416 2 960
1590433047555 2 970
1590433047694 2 980
1590433047841 2 990
1590433047984 2 1000
1590433048119 2 1010
1590433048261 2 1020
1590433048405 2 1030
1590433048549 2 1040
1590433048694 2 1050
1590433048835 2 1060
1590433048976 2 1070
1590433049116 2 1080
1590433049258 2 1090
1590433049396 2 1100
1590433049539 2 1110
1590433049680 2 1120
1590433049819 2 1130
1590433049969 2 1140
1590433050108 2 1150
1590433050253 2 1160
1590433050398 2 1170
1590433050544 2 1180
1590433050691 2 1190
