1590433033446 0.12361547350883484 0
1590433033627 0.10742788016796112 10
1590433033790 0.10671570152044296 20
1590433033929 0.10231396555900574 30
1590433034069 0.09031876176595688 40
1590433034214 0.08176905661821365 50
1590433034363 0.07303547114133835 60
1590433034565 0.06483525782823563 70
1590433034738 0.064261294901371 80
1590433034875 0.05813443660736084 90
1590433035017 0.057856135070323944 100
1590433035157 0.053819410502910614 110
1590433035297 0.04929269850254059 120
1590433035438 0.04497745633125305 130
1590433035579 0.04537709429860115 140
1590433035718 0.04322947934269905 150
1590433035858 0.03890923038125038 160
1590433036008 0.03841604292392731 170
1590433036157 0.038135986775159836 180
1590433036298 0.03765791282057762 190
1590433036444 0.034807004034519196 200
1590433036583 0.0352712906897068 210
1590433036721 0.03327930346131325 220
1590433036853 0.03279220685362816 230
1590433036987 0.031409747898578644 240
1590433037127 0.03064885549247265 250
1590433037267 0.032387033104896545 260
1590433037407 0.029384765774011612 270
1590433037547 0.03013688139617443 280
1590433037686 0.029488984495401382 290
1590433037827 0.029013710096478462 300
1590433037968 0.026700234040617943 310
1590433038100 0.028887590393424034 320
1590433038234 0.025742461904883385 330
1590433038370 0.02583933249115944 340
1590433038500 0.026001019403338432 350
1590433038656 0.026035308837890625 360
1590433038799 0.026883574202656746 370
1590433038941 0.02559621073305607 380
1590433039089 0.02644234336912632 390
1590433039319 0.0254751555621624 400
1590433039479 0.025031771510839462 410
1590433039629 0.023888172581791878 420
1590433039765 0.024810098111629486 430
1590433039905 0.024384215474128723 440
1590433040059 0.023131541907787323 450
1590433040205 0.02308007888495922 460
1590433040354 0.023273970931768417 470
1590433040506 0.022793134674429893 480
1590433040648 0.024282198399305344 490
1590433040790 0.023644944652915 500
1590433040931 0.022761061787605286 510
1590433041072 0.021999849006533623 520
1590433041212 0.022861771285533905 530
1590433041355 0.028286496177315712 540
1590433041509 0.02158462628722191 550
1590433041651 0.021640457212924957 560
1590433041794 0.02213335409760475 570
1590433041936 0.021812448278069496 580
1590433042077 0.021389154717326164 590
1590433042217 0.02116851508617401 600
1590433042358 0.02011094056069851 610
1590433042499 0.021813536062836647 620
1590433042640 0.020902911201119423 630
1590433042780 0.021809671074151993 640
1590433042921 0.02094275876879692 650
1590433043072 0.020559296011924744 660
1590433043209 0.021158801391720772 670
1590433043346 0.019891617819666862 680
1590433043485 0.019124198704957962 690
1590433043626 0.019429273903369904 700
1590433043767 0.02028975822031498 710
1590433043913 0.019537081941962242 720
1590433044058 0.01996384933590889 730
1590433044194 0.019491344690322876 740
1590433044330 0.018999692052602768 750
1590433044470 0.019609292969107628 760
1590433044612 0.018808482214808464 770
1590433044751 0.01845565438270569 780
1590433044899 0.018434299156069756 790
1590433045125 0.018074318766593933 800
1590433045265 0.019121168181300163 810
1590433045401 0.018266603350639343 820
1590433045538 0.018363678827881813 830
1590433045677 0.01984461583197117 840
1590433045824 0.01703341118991375 850
1590433045959 0.01778488978743553 860
1590433046112 0.017625845968723297 870
1590433046259 0.017322348430752754 880
1590433046401 0.01733633689582348 890
1590433046540 0.016975974664092064 900
1590433046682 0.017178788781166077 910
1590433046843 0.01736818440258503 920
1590433046999 0.01699221320450306 930
1590433047136 0.01665443740785122 940
1590433047275 0.016389882192015648 950
1590433047416 0.016691075637936592 960
1590433047555 0.01746244542300701 970
1590433047694 0.01744549162685871 980
1590433047841 0.01715914160013199 990
1590433047984 0.017058344557881355 1000
1590433048119 0.016645316034555435 1010
1590433048261 0.016638753935694695 1020
1590433048405 0.016243858262896538 1030
1590433048549 0.015758078545331955 1040
1590433048694 0.01645493321120739 1050
1590433048835 0.015589418821036816 1060
1590433048976 0.01582525670528412 1070
1590433049116 0.016530591994524002 1080
1590433049258 0.015823708847165108 1090
1590433049396 0.01672285795211792 1100
1590433049539 0.015609118156135082 1110
1590433049680 0.015131906606256962 1120
1590433049819 0.016108904033899307 1130
1590433049969 0.014904444105923176 1140
1590433050108 0.015014068223536015 1150
1590433050253 0.014748476445674896 1160
1590433050398 0.015321789309382439 1170
1590433050544 0.015340237878262997 1180
1590433050691 0.014428968541324139 1190
