1590434628820 0 0
1590434628981 0 10
1590434629130 0 20
1590434629278 0 30
1590434629436 0 40
1590434629584 0 50
1590434629737 0 60
1590434629883 0 70
1590434630037 0 80
1590434630186 0 90
1590434630338 0 100
1590434630492 0 110
1590434630645 0 120
1590434630805 0 130
1590434630956 0 140
1590434631110 0 150
1590434631277 0 160
1590434631418 0 170
1590434631613 0 180
1590434631804 0 190
1590434631957 0 200
1590434632113 0 210
1590434632271 0 220
1590434632438 0 230
1590434632597 0 240
1590434632740 0 250
1590434632889 0 260
1590434633036 0 270
1590434633180 0 280
1590434633331 0 290
1590434633481 0 300
1590434633636 0 310
1590434633782 0 320
1590434633932 0 330
1590434634077 0 340
1590434634222 0 350
1590434634375 0 360
1590434634525 0 370
1590434634669 0 380
1590434634816 0 390
1590434635037 1 400
1590434635173 1 410
1590434635329 1 420
1590434635478 1 430
1590434635629 1 440
1590434635779 1 450
1590434635932 1 460
1590434636082 1 470
1590434636236 1 480
1590434636390 1 490
1590434636541 1 500
1590434636697 1 510
1590434636845 1 520
1590434637001 1 530
1590434637153 1 540
1590434637305 1 550
1590434637461 1 560
1590434637610 1 570
1590434637765 1 580
1590434637928 1 590
1590434638088 1 600
1590434638244 1 610
1590434638388 1 620
1590434638531 1 630
1590434638685 1 640
1590434638831 1 650
1590434638978 1 660
1590434639119 1 670
1590434639262 1 680
1590434639412 1 690
1590434639557 1 700
1590434639713 1 710
1590434639868 1 720
1590434640020 1 730
1590434640184 1 740
1590434640343 1 750
1590434640501 1 760
1590434640645 1 770
1590434640804 1 780
1590434640962 1 790
1590434641197 2 800
1590434641346 2 810
1590434641492 2 820
1590434641649 2 830
1590434641806 2 840
1590434641954 2 850
1590434642107 2 860
1590434642267 2 870
1590434642422 2 880
1590434642589 2 890
1590434642741 2 900
1590434642894 2 910
1590434643053 2 920
1590434643201 2 930
1590434643358 2 940
1590434643509 2 950
1590434643658 2 960
1590434643802 2 970
1590434643944 2 980
1590434644085 2 990
1590434644226 2 1000
1590434644366 2 1010
1590434644511 2 1020
1590434644657 2 1030
1590434644808 2 1040
1590434644951 2 1050
1590434645093 2 1060
1590434645247 2 1070
1590434645395 2 1080
1590434645540 2 1090
1590434645689 2 1100
1590434645839 2 1110
1590434645984 2 1120
1590434646132 2 1130
1590434646275 2 1140
1590434646426 2 1150
1590434646570 2 1160
1590434646716 2 1170
1590434646862 2 1180
1590434647006 2 1190
1590434647231 3 1200
1590434647382 3 1210
1590434647533 3 1220
1590434647682 3 1230
1590434647839 3 1240
1590434647985 3 1250
1590434648135 3 1260
1590434648286 3 1270
1590434648443 3 1280
1590434648589 3 1290
1590434648739 3 1300
1590434648882 3 1310
1590434649022 3 1320
1590434649162 3 1330
1590434649305 3 1340
1590434649450 3 1350
1590434649598 3 1360
1590434649752 3 1370
1590434649897 3 1380
1590434650040 3 1390
1590434650180 3 1400
1590434650322 3 1410
1590434650462 3 1420
1590434650603 3 1430
1590434650743 3 1440
1590434650886 3 1450
1590434651024 3 1460
1590434651182 3 1470
1590434651334 3 1480
1590434651485 3 1490
1590434651636 3 1500
1590434651783 3 1510
1590434651927 3 1520
1590434652071 3 1530
1590434652213 3 1540
1590434652361 3 1550
1590434652509 3 1560
1590434652659 3 1570
1590434652800 3 1580
1590434652943 3 1590
1590434653159 4 1600
1590434653297 4 1610
1590434653442 4 1620
1590434653591 4 1630
1590434653734 4 1640
1590434653878 4 1650
1590434654024 4 1660
1590434654165 4 1670
1590434654303 4 1680
1590434654444 4 1690
1590434654585 4 1700
1590434654746 4 1710
1590434654904 4 1720
1590434655056 4 1730
1590434655196 4 1740
1590434655338 4 1750
1590434655481 4 1760
1590434655625 4 1770
1590434655769 4 1780
1590434655913 4 1790
1590434656052 4 1800
1590434656207 4 1810
1590434656353 4 1820
1590434656503 4 1830
1590434656653 4 1840
1590434656803 4 1850
1590434656953 4 1860
1590434657096 4 1870
1590434657244 4 1880
1590434657396 4 1890
1590434657540 4 1900
1590434657689 4 1910
1590434657840 4 1920
1590434657987 4 1930
1590434658140 4 1940
1590434658297 4 1950
1590434658443 4 1960
1590434658594 4 1970
1590434658744 4 1980
1590434658888 4 1990
1590434659121 5 2000
1590434659268 5 2010
1590434659427 5 2020
1590434659585 5 2030
1590434659736 5 2040
1590434659890 5 2050
1590434660044 5 2060
1590434660205 5 2070
1590434660357 5 2080
1590434660512 5 2090
1590434660657 5 2100
1590434660806 5 2110
1590434660953 5 2120
1590434661096 5 2130
1590434661242 5 2140
1590434661388 5 2150
1590434661531 5 2160
1590434661673 5 2170
1590434661821 5 2180
1590434661963 5 2190
1590434662106 5 2200
1590434662255 5 2210
1590434662405 5 2220
1590434662554 5 2230
1590434662697 5 2240
1590434662843 5 2250
1590434662988 5 2260
1590434663133 5 2270
1590434663282 5 2280
1590434663433 5 2290
1590434663590 5 2300
1590434663744 5 2310
1590434663897 5 2320
1590434664059 5 2330
1590434664222 5 2340
1590434664374 5 2350
1590434664529 5 2360
1590434664679 5 2370
1590434664842 5 2380
1590434664999 5 2390
1590434665231 6 2400
1590434665381 6 2410
1590434665531 6 2420
1590434665682 6 2430
1590434665829 6 2440
1590434665976 6 2450
1590434666126 6 2460
1590434666278 6 2470
1590434666430 6 2480
1590434666589 6 2490
1590434666750 6 2500
1590434666912 6 2510
1590434667063 6 2520
1590434667214 6 2530
1590434667370 6 2540
1590434667518 6 2550
1590434667675 6 2560
1590434667823 6 2570
1590434667975 6 2580
1590434668136 6 2590
1590434668300 6 2600
1590434668476 6 2610
1590434668642 6 2620
1590434668801 6 2630
1590434668966 6 2640
1590434669128 6 2650
1590434669285 6 2660
1590434669436 6 2670
1590434669584 6 2680
1590434669730 6 2690
1590434669883 6 2700
1590434670030 6 2710
1590434670189 6 2720
1590434670344 6 2730
1590434670493 6 2740
1590434670650 6 2750
1590434670797 6 2760
1590434670945 6 2770
1590434671092 6 2780
1590434671249 6 2790
1590434671468 7 2800
1590434671615 7 2810
1590434671765 7 2820
1590434671914 7 2830
1590434672066 7 2840
1590434672222 7 2850
1590434672382 7 2860
1590434672553 7 2870
1590434672704 7 2880
1590434672864 7 2890
1590434673025 7 2900
1590434673183 7 2910
1590434673345 7 2920
1590434673502 7 2930
1590434673647 7 2940
1590434673792 7 2950
1590434673934 7 2960
1590434674095 7 2970
1590434674250 7 2980
1590434674413 7 2990
1590434674565 7 3000
1590434674713 7 3010
1590434674871 7 3020
1590434675021 7 3030
1590434675177 7 3040
1590434675328 7 3050
1590434675470 7 3060
1590434675618 7 3070
1590434675763 7 3080
1590434675907 7 3090
1590434676045 7 3100
1590434676187 7 3110
1590434676327 7 3120
1590434676479 7 3130
1590434676624 7 3140
1590434676785 7 3150
1590434676938 7 3160
1590434677092 7 3170
1590434677246 7 3180
1590434677396 7 3190
1590434677623 8 3200
1590434677773 8 3210
1590434677931 8 3220
1590434678088 8 3230
1590434678249 8 3240
1590434678410 8 3250
1590434678566 8 3260
1590434678725 8 3270
1590434678898 8 3280
1590434679075 8 3290
1590434679230 8 3300
1590434679382 8 3310
1590434679560 8 3320
1590434679728 8 3330
1590434679882 8 3340
1590434680036 8 3350
1590434680184 8 3360
1590434680334 8 3370
1590434680487 8 3380
1590434680647 8 3390
1590434680805 8 3400
1590434680954 8 3410
1590434681105 8 3420
1590434681252 8 3430
1590434681398 8 3440
1590434681540 8 3450
1590434681688 8 3460
1590434681835 8 3470
1590434681978 8 3480
1590434682124 8 3490
1590434682268 8 3500
1590434682419 8 3510
1590434682578 8 3520
1590434682741 8 3530
1590434682907 8 3540
1590434683062 8 3550
1590434683214 8 3560
1590434683364 8 3570
1590434683524 8 3580
1590434683685 8 3590
1590434683917 9 3600
1590434684083 9 3610
1590434684256 9 3620
1590434684420 9 3630
1590434684574 9 3640
1590434684732 9 3650
1590434684895 9 3660
1590434685043 9 3670
1590434685193 9 3680
1590434685346 9 3690
1590434685497 9 3700
1590434685648 9 3710
1590434685798 9 3720
1590434685957 9 3730
1590434686111 9 3740
1590434686268 9 3750
1590434686422 9 3760
1590434686586 9 3770
1590434686753 9 3780
1590434686905 9 3790
1590434687052 9 3800
1590434687205 9 3810
1590434687357 9 3820
1590434687506 9 3830
1590434687654 9 3840
1590434687799 9 3850
1590434687949 9 3860
1590434688133 9 3870
1590434688293 9 3880
1590434688453 9 3890
1590434688606 9 3900
1590434688761 9 3910
1590434688914 9 3920
1590434689073 9 3930
1590434689228 9 3940
1590434689376 9 3950
1590434689528 9 3960
1590434689681 9 3970
1590434689835 9 3980
1590434689981 9 3990
