1590434628820 0.138255313038826 0
1590434628981 0.11111323535442352 10
1590434629130 0.11112119257450104 20
1590434629278 0.10932177305221558 30
1590434629436 0.10693274438381195 40
1590434629584 0.10218330472707748 50
1590434629737 0.09805302321910858 60
1590434629883 0.08868210017681122 70
1590434630037 0.079734206199646 80
1590434630186 0.07169309258460999 90
1590434630338 0.06536123156547546 100
1590434630492 0.061461932957172394 110
1590434630645 0.05870412290096283 120
1590434630805 0.056529346853494644 130
1590434630956 0.053087491542100906 140
1590434631110 0.05176825821399689 150
1590434631277 0.050547100603580475 160
1590434631418 0.04792399704456329 170
1590434631613 0.0453130304813385 180
1590434631804 0.043493788689374924 190
1590434631957 0.04237357899546623 200
1590434632113 0.04255291074514389 210
1590434632271 0.040477532893419266 220
1590434632438 0.04027736186981201 230
1590434632597 0.03870805725455284 240
1590434632740 0.03811268508434296 250
1590434632889 0.036598026752471924 260
1590434633036 0.036928366869688034 270
1590434633180 0.03534558042883873 280
1590434633331 0.035569705069065094 290
1590434633481 0.03652402386069298 300
1590434633636 0.033673450350761414 310
1590434633782 0.0328938253223896 320
1590434633932 0.03286421671509743 330
1590434634077 0.03085578978061676 340
1590434634222 0.030750781297683716 350
1590434634375 0.030638445168733597 360
1590434634525 0.029712600633502007 370
1590434634669 0.03122050315141678 380
1590434634816 0.03030097484588623 390
1590434635037 0.02982472814619541 400
1590434635173 0.030153704807162285 410
1590434635329 0.02798454649746418 420
1590434635478 0.027574876323342323 430
1590434635629 0.02671745978295803 440
1590434635779 0.026424862444400787 450
1590434635932 0.027415409684181213 460
1590434636082 0.025944523513317108 470
1590434636236 0.025415215641260147 480
1590434636390 0.02541651390492916 490
1590434636541 0.025139110162854195 500
1590434636697 0.02748483419418335 510
1590434636845 0.026609430089592934 520
1590434637001 0.02449466846883297 530
1590434637153 0.023954618722200394 540
1590434637305 0.024133430793881416 550
1590434637461 0.02364426851272583 560
1590434637610 0.024869928136467934 570
1590434637765 0.024265719577670097 580
1590434637928 0.023552563041448593 590
1590434638088 0.02389412373304367 600
1590434638244 0.02430213987827301 610
1590434638388 0.022896824404597282 620
1590434638531 0.023532601073384285 630
1590434638685 0.02281304821372032 640
1590434638831 0.022674469277262688 650
1590434638978 0.022824374958872795 660
1590434639119 0.021619683131575584 670
1590434639262 0.023189742118120193 680
1590434639412 0.0219081062823534 690
1590434639557 0.02277515083551407 700
1590434639713 0.023645572364330292 710
1590434639868 0.021723130717873573 720
1590434640020 0.021937958896160126 730
1590434640184 0.022665660828351974 740
1590434640343 0.02190505713224411 750
1590434640501 0.022204916924238205 760
1590434640645 0.020924516022205353 770
1590434640804 0.021344056352972984 780
1590434640962 0.022464346140623093 790
1590434641197 0.020722437649965286 800
1590434641346 0.020666977390646935 810
1590434641492 0.021281547844409943 820
1590434641649 0.020397866144776344 830
1590434641806 0.020402122288942337 840
1590434641954 0.020544033497571945 850
1590434642107 0.019962772727012634 860
1590434642267 0.021422090008854866 870
1590434642422 0.022504065185785294 880
1590434642589 0.020267745479941368 890
1590434642741 0.02020260877907276 900
1590434642894 0.019105281680822372 910
1590434643053 0.019455116242170334 920
1590434643201 0.019451171159744263 930
1590434643358 0.01954481564462185 940
1590434643509 0.018586255609989166 950
1590434643658 0.019209833815693855 960
1590434643802 0.018858468160033226 970
1590434643944 0.020648997277021408 980
1590434644085 0.019303541630506516 990
1590434644226 0.018061501905322075 1000
1590434644366 0.01900148019194603 1010
1590434644511 0.01877341978251934 1020
1590434644657 0.01836329512298107 1030
1590434644808 0.019149050116539 1040
1590434644951 0.018447261303663254 1050
1590434645093 0.018440114334225655 1060
1590434645247 0.017494523897767067 1070
1590434645395 0.017850641161203384 1080
1590434645540 0.017533108592033386 1090
1590434645689 0.017708146944642067 1100
1590434645839 0.017996229231357574 1110
1590434645984 0.017561372369527817 1120
1590434646132 0.018315400928258896 1130
1590434646275 0.01680762879550457 1140
1590434646426 0.018047163262963295 1150
1590434646570 0.016985343769192696 1160
1590434646716 0.017452459782361984 1170
1590434646862 0.01802009716629982 1180
1590434647006 0.016936825588345528 1190
1590434647231 0.0180747639387846 1200
1590434647382 0.01743708737194538 1210
1590434647533 0.017507947981357574 1220
1590434647682 0.017003417015075684 1230
1590434647839 0.018544817343354225 1240
1590434647985 0.017196843400597572 1250
1590434648135 0.01571008190512657 1260
1590434648286 0.01686086319386959 1270
1590434648443 0.01650971733033657 1280
1590434648589 0.016041232272982597 1290
1590434648739 0.01767859235405922 1300
1590434648882 0.016831781715154648 1310
1590434649022 0.015435597859323025 1320
1590434649162 0.01678105629980564 1330
1590434649305 0.016576547175645828 1340
1590434649450 0.01626661606132984 1350
1590434649598 0.016226835548877716 1360
1590434649752 0.01725168526172638 1370
1590434649897 0.016122838482260704 1380
1590434650040 0.015552936121821404 1390
1590434650180 0.016160892322659492 1400
1590434650322 0.015491647645831108 1410
1590434650462 0.01592429354786873 1420
1590434650603 0.015379966236650944 1430
1590434650743 0.015022621490061283 1440
1590434650886 0.015146284364163876 1450
1590434651024 0.015195724554359913 1460
1590434651182 0.015445801429450512 1470
1590434651334 0.01539890468120575 1480
1590434651485 0.016045596450567245 1490
1590434651636 0.015210895799100399 1500
1590434651783 0.014769762754440308 1510
1590434651927 0.015829581767320633 1520
1590434652071 0.01486394926905632 1530
1590434652213 0.014925411902368069 1540
1590434652361 0.015537646599113941 1550
1590434652509 0.015184933319687843 1560
1590434652659 0.014847545884549618 1570
1590434652800 0.015138499438762665 1580
1590434652943 0.015266587026417255 1590
1590434653159 0.015558627434074879 1600
1590434653297 0.01477382704615593 1610
1590434653442 0.01491103507578373 1620
1590434653591 0.015088353306055069 1630
1590434653734 0.01461805496364832 1640
1590434653878 0.013613929972052574 1650
1590434654024 0.014087372459471226 1660
1590434654165 0.01460301410406828 1670
1590434654303 0.014438767917454243 1680
1590434654444 0.014538602903485298 1690
1590434654585 0.015295219607651234 1700
1590434654746 0.014950092881917953 1710
1590434654904 0.013840933330357075 1720
1590434655056 0.014870778657495975 1730
1590434655196 0.014397497288882732 1740
1590434655338 0.014000111259520054 1750
1590434655481 0.014713417738676071 1760
1590434655625 0.014120173640549183 1770
1590434655769 0.013827908784151077 1780
1590434655913 0.014176043681800365 1790
1590434656052 0.014287449419498444 1800
1590434656207 0.014029279351234436 1810
1590434656353 0.01445782370865345 1820
1590434656503 0.013973584398627281 1830
1590434656653 0.014516499824821949 1840
1590434656803 0.013602924533188343 1850
1590434656953 0.01434269454330206 1860
1590434657096 0.013862105086445808 1870
1590434657244 0.013375864364206791 1880
1590434657396 0.014570859260857105 1890
1590434657540 0.014198316261172295 1900
1590434657689 0.01339769084006548 1910
1590434657840 0.013286041095852852 1920
1590434657987 0.013641653582453728 1930
1590434658140 0.013858061283826828 1940
1590434658297 0.012897501699626446 1950
1590434658443 0.01296194363385439 1960
1590434658594 0.013139331713318825 1970
1590434658744 0.013844105415046215 1980
1590434658888 0.01374993659555912 1990
1590434659121 0.013368804007768631 2000
1590434659268 0.013010002672672272 2010
1590434659427 0.013073530979454517 2020
1590434659585 0.013144996017217636 2030
1590434659736 0.013516752049326897 2040
1590434659890 0.013209627941250801 2050
1590434660044 0.013296284712851048 2060
1590434660205 0.012475942261517048 2070
1590434660357 0.01303437352180481 2080
1590434660512 0.012722630985081196 2090
1590434660657 0.012879355810582638 2100
1590434660806 0.013037292286753654 2110
1590434660953 0.012239070609211922 2120
1590434661096 0.013033594936132431 2130
1590434661242 0.013188696466386318 2140
1590434661388 0.012818746268749237 2150
1590434661531 0.013127351179718971 2160
1590434661673 0.01241900771856308 2170
1590434661821 0.01270055491477251 2180
1590434661963 0.011823508888483047 2190
1590434662106 0.012439575046300888 2200
1590434662255 0.012283362448215485 2210
1590434662405 0.012152533046901226 2220
1590434662554 0.01264040544629097 2230
1590434662697 0.01261988002806902 2240
1590434662843 0.012560158036649227 2250
1590434662988 0.012114617973566055 2260
1590434663133 0.011963787488639355 2270
1590434663282 0.011368079110980034 2280
1590434663433 0.012842974625527859 2290
1590434663590 0.012442432343959808 2300
1590434663744 0.01269378699362278 2310
1590434663897 0.012146320194005966 2320
1590434664059 0.011683513410389423 2330
1590434664222 0.012273017317056656 2340
1590434664374 0.011980180628597736 2350
1590434664529 0.012621649540960789 2360
1590434664679 0.012246081605553627 2370
1590434664842 0.012074556201696396 2380
1590434664999 0.011586595326662064 2390
1590434665231 0.012089645490050316 2400
1590434665381 0.011504624970257282 2410
1590434665531 0.01240791380405426 2420
1590434665682 0.011562363244593143 2430
1590434665829 0.012747541069984436 2440
1590434665976 0.013840942643582821 2450
1590434666126 0.012154488824307919 2460
1590434666278 0.011660748161375523 2470
1590434666430 0.011699032038450241 2480
1590434666589 0.01242276281118393 2490
1590434666750 0.011847836896777153 2500
1590434666912 0.011743852868676186 2510
1590434667063 0.011605869047343731 2520
1590434667214 0.011422873474657536 2530
1590434667370 0.011440717615187168 2540
1590434667518 0.011453504674136639 2550
1590434667675 0.011578400619328022 2560
1590434667823 0.01170441322028637 2570
1590434667975 0.011505618691444397 2580
1590434668136 0.011351405642926693 2590
1590434668300 0.011402817443013191 2600
1590434668476 0.011649465188384056 2610
1590434668642 0.011572376824915409 2620
1590434668801 0.011694641783833504 2630
1590434668966 0.011967118829488754 2640
1590434669128 0.011378379538655281 2650
1590434669285 0.012340915389358997 2660
1590434669436 0.011444669216871262 2670
1590434669584 0.012005658820271492 2680
1590434669730 0.011236763559281826 2690
1590434669883 0.01138476375490427 2700
1590434670030 0.01128834392875433 2710
1590434670189 0.01131526194512844 2720
1590434670344 0.010640486143529415 2730
1590434670493 0.011262292973697186 2740
1590434670650 0.011254021897912025 2750
1590434670797 0.011004171334207058 2760
1590434670945 0.010988249443471432 2770
1590434671092 0.010914853774011135 2780
1590434671249 0.011421403847634792 2790
1590434671468 0.011112618260085583 2800
1590434671615 0.011042685247957706 2810
1590434671765 0.010725992731750011 2820
1590434671914 0.010851943865418434 2830
1590434672066 0.010921791195869446 2840
1590434672222 0.0114074582234025 2850
1590434672382 0.011430874466896057 2860
1590434672553 0.011128099635243416 2870
1590434672704 0.011191665194928646 2880
1590434672864 0.011248089373111725 2890
1590434673025 0.010669822804629803 2900
1590434673183 0.011583283543586731 2910
1590434673345 0.011067277751863003 2920
1590434673502 0.010542185045778751 2930
1590434673647 0.010991604998707771 2940
1590434673792 0.011309162713587284 2950
1590434673934 0.010691072791814804 2960
1590434674095 0.010697535239160061 2970
1590434674250 0.011742344126105309 2980
1590434674413 0.010613465681672096 2990
1590434674565 0.010929087176918983 3000
1590434674713 0.010867143981158733 3010
1590434674871 0.010889441706240177 3020
1590434675021 0.010677026584744453 3030
1590434675177 0.011315410025417805 3040
1590434675328 0.01046881452202797 3050
1590434675470 0.010290022008121014 3060
1590434675618 0.010868883691728115 3070
1590434675763 0.010524802841246128 3080
1590434675907 0.010890509933233261 3090
1590434676045 0.011093026958405972 3100
1590434676187 0.011020056903362274 3110
1590434676327 0.010180076584219933 3120
1590434676479 0.010852193459868431 3130
1590434676624 0.010385433211922646 3140
1590434676785 0.010770000517368317 3150
1590434676938 0.010459035634994507 3160
1590434677092 0.010412437841296196 3170
1590434677246 0.010504265315830708 3180
1590434677396 0.011048158630728722 3190
1590434677623 0.010536476038396358 3200
1590434677773 0.010902775451540947 3210
1590434677931 0.010125502943992615 3220
1590434678088 0.010124343447387218 3230
1590434678249 0.010018434375524521 3240
1590434678410 0.010088047944009304 3250
1590434678566 0.010262792930006981 3260
1590434678725 0.009943665005266666 3270
1590434678898 0.01024666614830494 3280
1590434679075 0.010176075622439384 3290
1590434679230 0.009611071087419987 3300
1590434679382 0.010513890534639359 3310
1590434679560 0.009782393462955952 3320
1590434679728 0.011234719306230545 3330
1590434679882 0.010205183178186417 3340
1590434680036 0.009675281122326851 3350
1590434680184 0.0103878453373909 3360
1590434680334 0.010243077762424946 3370
1590434680487 0.010043440386652946 3380
1590434680647 0.009908652864396572 3390
1590434680805 0.01001355703920126 3400
1590434680954 0.009492925368249416 3410
1590434681105 0.00978593248873949 3420
1590434681252 0.010442009195685387 3430
1590434681398 0.00996592827141285 3440
1590434681540 0.009870579466223717 3450
1590434681688 0.009952034801244736 3460
1590434681835 0.010339878499507904 3470
1590434681978 0.009460157714784145 3480
1590434682124 0.009916955605149269 3490
1590434682268 0.010130408219993114 3500
1590434682419 0.010071411728858948 3510
1590434682578 0.009999663569033146 3520
1590434682741 0.010040654800832272 3530
1590434682907 0.009790344163775444 3540
1590434683062 0.009622049517929554 3550
1590434683214 0.009178941138088703 3560
1590434683364 0.009462288580834866 3570
1590434683524 0.010011465288698673 3580
1590434683685 0.009413369931280613 3590
1590434683917 0.010010771453380585 3600
1590434684083 0.00941822212189436 3610
1590434684256 0.009870586916804314 3620
1590434684420 0.00997699424624443 3630
1590434684574 0.009033738635480404 3640
1590434684732 0.009363757446408272 3650
1590434684895 0.009559378027915955 3660
1590434685043 0.009570956230163574 3670
1590434685193 0.010130469687283039 3680
1590434685346 0.009987689554691315 3690
1590434685497 0.010133263655006886 3700
1590434685648 0.009578801691532135 3710
1590434685798 0.009216265752911568 3720
1590434685957 0.009791201911866665 3730
1590434686111 0.00970968697220087 3740
1590434686268 0.009675334207713604 3750
1590434686422 0.009251927025616169 3760
1590434686586 0.009736430831253529 3770
1590434686753 0.009476362727582455 3780
1590434686905 0.009725905023515224 3790
1590434687052 0.009379862807691097 3800
1590434687205 0.010125642642378807 3810
1590434687357 0.009628025814890862 3820
1590434687506 0.010386314243078232 3830
1590434687654 0.00994898658245802 3840
1590434687799 0.00951140932738781 3850
1590434687949 0.009994717314839363 3860
1590434688133 0.009433573111891747 3870
1590434688293 0.010132535360753536 3880
1590434688453 0.009455032646656036 3890
1590434688606 0.010020787827670574 3900
1590434688761 0.009339612908661366 3910
1590434688914 0.01005940418690443 3920
1590434689073 0.009169920347630978 3930
1590434689228 0.009316678158938885 3940
1590434689376 0.009298441931605339 3950
1590434689528 0.009751960635185242 3960
1590434689681 0.009357277303934097 3970
1590434689835 0.008884173817932606 3980
1590434689981 0.009822795167565346 3990
