1590434519108 0 0
1590434519263 0 10
1590434519403 0 20
1590434519558 0 30
1590434519707 0 40
1590434519860 0 50
1590434520013 0 60
1590434520162 0 70
1590434520306 0 80
1590434520447 0 90
1590434520592 0 100
1590434520730 0 110
1590434520870 0 120
1590434521011 0 130
1590434521152 0 140
1590434521294 0 150
1590434521441 0 160
1590434521594 0 170
1590434521754 0 180
1590434521896 0 190
1590434522052 0 200
1590434522198 0 210
1590434522351 0 220
1590434522501 0 230
1590434522653 0 240
1590434522801 0 250
1590434522944 0 260
1590434523084 0 270
1590434523234 0 280
1590434523384 0 290
1590434523550 0 300
1590434523704 0 310
1590434523849 0 320
1590434523996 0 330
1590434524148 0 340
1590434524309 0 350
1590434524468 0 360
1590434524616 0 370
1590434524771 0 380
1590434524932 0 390
1590434525176 1 400
1590434525337 1 410
1590434525498 1 420
1590434525655 1 430
1590434525801 1 440
1590434525947 1 450
1590434526089 1 460
1590434526231 1 470
1590434526372 1 480
1590434526515 1 490
1590434526654 1 500
1590434526803 1 510
1590434526947 1 520
1590434527092 1 530
1590434527236 1 540
1590434527378 1 550
1590434527520 1 560
1590434527660 1 570
1590434527799 1 580
1590434527951 1 590
1590434528102 1 600
1590434528249 1 610
1590434528393 1 620
1590434528537 1 630
1590434528680 1 640
1590434528818 1 650
1590434528958 1 660
1590434529102 1 670
1590434529256 1 680
1590434529401 1 690
1590434529549 1 700
1590434529701 1 710
1590434529843 1 720
1590434529993 1 730
1590434530144 1 740
1590434530290 1 750
1590434530424 1 760
1590434530567 1 770
1590434530709 1 780
1590434530853 1 790
1590434531071 2 800
1590434531220 2 810
1590434531369 2 820
1590434531528 2 830
1590434531685 2 840
1590434531833 2 850
1590434531975 2 860
1590434532116 2 870
1590434532265 2 880
1590434532411 2 890
1590434532551 2 900
1590434532694 2 910
1590434532838 2 920
1590434532990 2 930
1590434533138 2 940
1590434533294 2 950
1590434533440 2 960
1590434533591 2 970
1590434533741 2 980
1590434533884 2 990
1590434534025 2 1000
1590434534171 2 1010
1590434534315 2 1020
1590434534455 2 1030
1590434534604 2 1040
1590434534750 2 1050
1590434534897 2 1060
1590434535039 2 1070
1590434535181 2 1080
1590434535320 2 1090
1590434535462 2 1100
1590434535601 2 1110
1590434535742 2 1120
1590434535882 2 1130
1590434536033 2 1140
1590434536191 2 1150
1590434536338 2 1160
1590434536494 2 1170
1590434536653 2 1180
1590434536800 2 1190
