1590434519108 0.14702416956424713 0
1590434519263 0.10865427553653717 10
1590434519403 0.11312072724103928 20
1590434519558 0.10958310961723328 30
1590434519707 0.10996796190738678 40
1590434519860 0.10867828875780106 50
1590434520013 0.10123437643051147 60
1590434520162 0.09279412776231766 70
1590434520306 0.08354759216308594 80
1590434520447 0.07724787294864655 90
1590434520592 0.07005345076322556 100
1590434520730 0.06613990664482117 110
1590434520870 0.06300545483827591 120
1590434521011 0.05735602229833603 130
1590434521152 0.05583634972572327 140
1590434521294 0.05407608300447464 150
1590434521441 0.049773573875427246 160
1590434521594 0.046100981533527374 170
1590434521754 0.0450885035097599 180
1590434521896 0.04530778527259827 190
1590434522052 0.04270493984222412 200
1590434522198 0.04183368757367134 210
1590434522351 0.04103183001279831 220
1590434522501 0.037919335067272186 230
1590434522653 0.03768632560968399 240
1590434522801 0.03633881360292435 250
1590434522944 0.03650268167257309 260
1590434523084 0.03683590516448021 270
1590434523234 0.03439950570464134 280
1590434523384 0.033843591809272766 290
1590434523550 0.03248642012476921 300
1590434523704 0.033359408378601074 310
1590434523849 0.031600140035152435 320
1590434523996 0.03220735862851143 330
1590434524148 0.029801083728671074 340
1590434524309 0.028683139011263847 350
1590434524468 0.02836756408214569 360
1590434524616 0.028539495542645454 370
1590434524771 0.02636750601232052 380
1590434524932 0.026806065812706947 390
1590434525176 0.026426831260323524 400
1590434525337 0.02535538747906685 410
1590434525498 0.026585230603814125 420
1590434525655 0.024627206847071648 430
1590434525801 0.024343011900782585 440
1590434525947 0.02485046721994877 450
1590434526089 0.024757297709584236 460
1590434526231 0.025518599897623062 470
1590434526372 0.023528262972831726 480
1590434526515 0.023439083248376846 490
1590434526654 0.023432442918419838 500
1590434526803 0.02326739765703678 510
1590434526947 0.023328209295868874 520
1590434527092 0.022520529106259346 530
1590434527236 0.02343255653977394 540
1590434527378 0.022130992263555527 550
1590434527520 0.02184571698307991 560
1590434527660 0.021697303280234337 570
1590434527799 0.020932737737894058 580
1590434527951 0.020894590765237808 590
1590434528102 0.020842082798480988 600
1590434528249 0.020796025171875954 610
1590434528393 0.02119254879653454 620
1590434528537 0.02011076547205448 630
1590434528680 0.020641496405005455 640
1590434528818 0.01842924766242504 650
1590434528958 0.01873759925365448 660
1590434529102 0.01925361528992653 670
1590434529256 0.020153841003775597 680
1590434529401 0.018738040700554848 690
1590434529549 0.018526455387473106 700
1590434529701 0.019204137846827507 710
1590434529843 0.01797412894666195 720
1590434529993 0.017953677102923393 730
1590434530144 0.018582873046398163 740
1590434530290 0.01830453611910343 750
1590434530424 0.01753348484635353 760
1590434530567 0.01767030544579029 770
1590434530709 0.017738111317157745 780
1590434530853 0.018973182886838913 790
1590434531071 0.016900228336453438 800
1590434531220 0.01704210415482521 810
1590434531369 0.0166324395686388 820
1590434531528 0.017355341464281082 830
1590434531685 0.01622200571000576 840
1590434531833 0.01634383015334606 850
1590434531975 0.015993619337677956 860
1590434532116 0.016110770404338837 870
1590434532265 0.015947427600622177 880
1590434532411 0.01594577170908451 890
1590434532551 0.015624068677425385 900
1590434532694 0.01597578637301922 910
1590434532838 0.015587554313242435 920
1590434532990 0.01593920588493347 930
1590434533138 0.01598943956196308 940
1590434533294 0.015017007477581501 950
1590434533440 0.01584080047905445 960
1590434533591 0.015133597888052464 970
1590434533741 0.015673020854592323 980
1590434533884 0.01524471677839756 990
1590434534025 0.014945310540497303 1000
1590434534171 0.015512504614889622 1010
1590434534315 0.015369275584816933 1020
1590434534455 0.015221484936773777 1030
1590434534604 0.014193948358297348 1040
1590434534750 0.014716089703142643 1050
1590434534897 0.014430825598537922 1060
1590434535039 0.01443362608551979 1070
1590434535181 0.014023110270500183 1080
1590434535320 0.014266756363213062 1090
1590434535462 0.013915691524744034 1100
1590434535601 0.013869249261915684 1110
1590434535742 0.013826570473611355 1120
1590434535882 0.013777977786958218 1130
1590434536033 0.014730924740433693 1140
1590434536191 0.014345319010317326 1150
1590434536338 0.014029210433363914 1160
1590434536494 0.013824116438627243 1170
1590434536653 0.013348576612770557 1180
1590434536800 0.01342032477259636 1190
