1590432837428 0 0
1590432837602 0 10
1590432837749 0 20
1590432837891 0 30
1590432838032 0 40
1590432838170 0 50
1590432838302 0 60
1590432838436 0 70
1590432838574 0 80
1590432838716 0 90
1590432838856 0 100
1590432838998 0 110
1590432839142 0 120
1590432839280 0 130
1590432839418 0 140
1590432839557 0 150
1590432839693 0 160
1590432839829 0 170
1590432839967 0 180
1590432840104 0 190
1590432840243 0 200
1590432840381 0 210
1590432840512 0 220
1590432840648 0 230
1590432840784 0 240
1590432840916 0 250
1590432841057 0 260
1590432841191 0 270
1590432841332 0 280
1590432841471 0 290
1590432841612 0 300
1590432841752 0 310
1590432841893 0 320
1590432842034 0 330
1590432842175 0 340
1590432842316 0 350
1590432842456 0 360
1590432842597 0 370
1590432842735 0 380
1590432842868 0 390
1590432843080 1 400
1590432843221 1 410
1590432843358 1 420
1590432843495 1 430
1590432843630 1 440
1590432843766 1 450
1590432843907 1 460
1590432844048 1 470
1590432844189 1 480
1590432844328 1 490
1590432844468 1 500
1590432844609 1 510
1590432844748 1 520
1590432844884 1 530
1590432845021 1 540
1590432845161 1 550
1590432845298 1 560
1590432845436 1 570
1590432845576 1 580
1590432845717 1 590
1590432845858 1 600
1590432845999 1 610
1590432846142 1 620
1590432846289 1 630
1590432846431 1 640
1590432846565 1 650
1590432846703 1 660
1590432846852 1 670
1590432846994 1 680
1590432847134 1 690
1590432847274 1 700
1590432847424 1 710
1590432847568 1 720
1590432847718 1 730
1590432847868 1 740
1590432848013 1 750
1590432848159 1 760
1590432848294 1 770
1590432848433 1 780
1590432848574 1 790
1590432848792 2 800
1590432848934 2 810
1590432849076 2 820
1590432849218 2 830
1590432849360 2 840
1590432849517 2 850
1590432849658 2 860
1590432849801 2 870
1590432849952 2 880
1590432850098 2 890
1590432850246 2 900
1590432850384 2 910
1590432850525 2 920
1590432850666 2 930
1590432850818 2 940
1590432850959 2 950
1590432851105 2 960
1590432851251 2 970
1590432851398 2 980
1590432851546 2 990
1590432851690 2 1000
1590432851842 2 1010
1590432851983 2 1020
1590432852122 2 1030
1590432852264 2 1040
1590432852404 2 1050
1590432852547 2 1060
1590432852690 2 1070
1590432852837 2 1080
1590432852979 2 1090
1590432853129 2 1100
1590432853266 2 1110
1590432853407 2 1120
1590432853542 2 1130
1590432853682 2 1140
1590432853823 2 1150
1590432853963 2 1160
1590432854105 2 1170
1590432854245 2 1180
1590432854386 2 1190
