1590432837428 0.11429667472839355 0
1590432837602 0.11175237596035004 10
1590432837749 0.10699363797903061 20
1590432837891 0.10099784284830093 30
1590432838032 0.08822941035032272 40
1590432838170 0.08439604938030243 50
1590432838302 0.07561054080724716 60
1590432838436 0.06418851017951965 70
1590432838574 0.05949878692626953 80
1590432838716 0.05797513574361801 90
1590432838856 0.05327359959483147 100
1590432838998 0.049181241542100906 110
1590432839142 0.04810374230146408 120
1590432839280 0.044081952422857285 130
1590432839418 0.043622445315122604 140
1590432839557 0.04168762266635895 150
1590432839693 0.040739983320236206 160
1590432839829 0.03941452130675316 170
1590432839967 0.03827674314379692 180
1590432840104 0.03877084702253342 190
1590432840243 0.03712460398674011 200
1590432840381 0.03711638227105141 210
1590432840512 0.03475235030055046 220
1590432840648 0.03372495248913765 230
1590432840784 0.03437648341059685 240
1590432840916 0.03448973596096039 250
1590432841057 0.03326879441738129 260
1590432841191 0.031151575967669487 270
1590432841332 0.03246918320655823 280
1590432841471 0.032371122390031815 290
1590432841612 0.03152867779135704 300
1590432841752 0.031223436817526817 310
1590432841893 0.02998502179980278 320
1590432842034 0.02840203046798706 330
1590432842175 0.02862047590315342 340
1590432842316 0.02786530926823616 350
1590432842456 0.02784612774848938 360
1590432842597 0.028472205623984337 370
1590432842735 0.027341928333044052 380
1590432842868 0.02950572408735752 390
1590432843080 0.027942731976509094 400
1590432843221 0.02656709775328636 410
1590432843358 0.027073228731751442 420
1590432843495 0.025570949539542198 430
1590432843630 0.025608910247683525 440
1590432843766 0.025888461619615555 450
1590432843907 0.02532343380153179 460
1590432844048 0.023469779640436172 470
1590432844189 0.024945717304944992 480
1590432844328 0.024225477129220963 490
1590432844468 0.023737775161862373 500
1590432844609 0.02347295731306076 510
1590432844748 0.02383321151137352 520
1590432844884 0.022843139246106148 530
1590432845021 0.024343684315681458 540
1590432845161 0.024048930034041405 550
1590432845298 0.022745760157704353 560
1590432845436 0.022845884785056114 570
1590432845576 0.02236783504486084 580
1590432845717 0.02250431291759014 590
1590432845858 0.021602604538202286 600
1590432845999 0.021731574088335037 610
1590432846142 0.023037465289235115 620
1590432846289 0.020893974229693413 630
1590432846431 0.021527191624045372 640
1590432846565 0.02303367108106613 650
1590432846703 0.021442657336592674 660
1590432846852 0.021724408492445946 670
1590432846994 0.019740449264645576 680
1590432847134 0.02230542153120041 690
1590432847274 0.0208789873868227 700
1590432847424 0.020984932780265808 710
1590432847568 0.021328138187527657 720
1590432847718 0.020397953689098358 730
1590432847868 0.020369794219732285 740
1590432848013 0.02143246866762638 750
1590432848159 0.020269304513931274 760
1590432848294 0.019151920452713966 770
1590432848433 0.019975246861577034 780
1590432848574 0.019468294456601143 790
1590432848792 0.018356094136834145 800
1590432848934 0.01976682059466839 810
1590432849076 0.019138893112540245 820
1590432849218 0.019141484051942825 830
1590432849360 0.018689563497900963 840
1590432849517 0.01851765066385269 850
1590432849658 0.018051156774163246 860
1590432849801 0.01887316070497036 870
1590432849952 0.01823798194527626 880
1590432850098 0.018452346324920654 890
1590432850246 0.018425986170768738 900
1590432850384 0.018071817234158516 910
1590432850525 0.017891988158226013 920
1590432850666 0.018141845241189003 930
1590432850818 0.017991995438933372 940
1590432850959 0.018898960202932358 950
1590432851105 0.01700749807059765 960
1590432851251 0.017125938087701797 970
1590432851398 0.017959818243980408 980
1590432851546 0.01708441600203514 990
1590432851690 0.016640661284327507 1000
1590432851842 0.016839545220136642 1010
1590432851983 0.016414159908890724 1020
1590432852122 0.017771944403648376 1030
1590432852264 0.016539441421628 1040
1590432852404 0.016291625797748566 1050
1590432852547 0.017000939697027206 1060
1590432852690 0.017189640551805496 1070
1590432852837 0.01685166358947754 1080
1590432852979 0.016331708058714867 1090
1590432853129 0.015733348205685616 1100
1590432853266 0.01606275886297226 1110
1590432853407 0.01684473641216755 1120
1590432853542 0.016276121139526367 1130
1590432853682 0.01600724644958973 1140
1590432853823 0.016984764486551285 1150
1590432853963 0.016705233603715897 1160
1590432854105 0.015764905139803886 1170
1590432854245 0.01571749709546566 1180
1590432854386 0.016277940943837166 1190
