1590434742780 0 0
1590434742949 0 10
1590434743100 0 20
1590434743259 0 30
1590434743419 0 40
1590434743571 0 50
1590434743724 0 60
1590434743882 0 70
1590434744038 0 80
1590434744187 0 90
1590434744345 0 100
1590434744497 0 110
1590434744649 0 120
1590434744808 0 130
1590434744969 0 140
1590434745131 0 150
1590434745291 0 160
1590434745453 0 170
1590434745613 0 180
1590434745773 0 190
1590434745929 0 200
1590434746085 0 210
1590434746237 0 220
1590434746394 0 230
1590434746549 0 240
1590434746699 0 250
1590434746859 0 260
1590434747016 0 270
1590434747163 0 280
1590434747320 0 290
1590434747482 0 300
1590434747642 0 310
1590434747805 0 320
1590434747964 0 330
1590434748121 0 340
1590434748270 0 350
1590434748426 0 360
1590434748587 0 370
1590434748741 0 380
1590434748903 0 390
1590434749137 1 400
1590434749294 1 410
1590434749445 1 420
1590434749598 1 430
1590434749746 1 440
1590434749897 1 450
1590434750053 1 460
1590434750204 1 470
1590434750360 1 480
1590434750519 1 490
1590434750678 1 500
1590434750833 1 510
1590434750985 1 520
1590434751142 1 530
1590434751295 1 540
1590434751447 1 550
1590434751607 1 560
1590434751769 1 570
1590434751928 1 580
1590434752080 1 590
1590434752227 1 600
1590434752375 1 610
1590434752532 1 620
1590434752693 1 630
1590434752853 1 640
1590434753005 1 650
1590434753164 1 660
1590434753320 1 670
1590434753476 1 680
1590434753628 1 690
1590434753779 1 700
1590434753939 1 710
1590434754098 1 720
1590434754255 1 730
1590434754408 1 740
1590434754564 1 750
1590434754722 1 760
1590434754882 1 770
1590434755031 1 780
1590434755187 1 790
1590434755425 2 800
1590434755572 2 810
1590434755728 2 820
1590434755890 2 830
1590434756052 2 840
1590434756220 2 850
1590434756373 2 860
1590434756532 2 870
1590434756691 2 880
1590434756853 2 890
1590434757014 2 900
1590434757173 2 910
1590434757319 2 920
1590434757478 2 930
1590434757641 2 940
1590434757802 2 950
1590434757962 2 960
1590434758121 2 970
1590434758283 2 980
1590434758445 2 990
1590434758604 2 1000
1590434758764 2 1010
1590434758922 2 1020
1590434759078 2 1030
1590434759232 2 1040
1590434759388 2 1050
1590434759543 2 1060
1590434759692 2 1070
1590434759849 2 1080
1590434760010 2 1090
1590434760168 2 1100
1590434760317 2 1110
1590434760477 2 1120
1590434760635 2 1130
1590434760797 2 1140
1590434760958 2 1150
1590434761113 2 1160
1590434761265 2 1170
1590434761420 2 1180
1590434761580 2 1190
1590434761809 3 1200
1590434761965 3 1210
1590434762130 3 1220
1590434762289 3 1230
1590434762441 3 1240
1590434762603 3 1250
1590434762780 3 1260
1590434762940 3 1270
1590434763096 3 1280
1590434763253 3 1290
1590434763430 3 1300
1590434763591 3 1310
1590434763756 3 1320
1590434763925 3 1330
1590434764092 3 1340
1590434764254 3 1350
1590434764417 3 1360
1590434764589 3 1370
1590434764744 3 1380
1590434764908 3 1390
1590434765078 3 1400
1590434765233 3 1410
1590434765384 3 1420
1590434765545 3 1430
1590434765704 3 1440
1590434765864 3 1450
1590434766038 3 1460
1590434766187 3 1470
1590434766344 3 1480
1590434766509 3 1490
1590434766689 3 1500
1590434766854 3 1510
1590434767012 3 1520
1590434767176 3 1530
1590434767349 3 1540
1590434767523 3 1550
1590434767695 3 1560
1590434767864 3 1570
1590434768015 3 1580
1590434768174 3 1590
1590434768427 4 1600
1590434768587 4 1610
1590434768757 4 1620
1590434768919 4 1630
1590434769082 4 1640
1590434769239 4 1650
1590434769394 4 1660
1590434769546 4 1670
1590434769704 4 1680
1590434769862 4 1690
1590434770018 4 1700
1590434770166 4 1710
1590434770324 4 1720
1590434770485 4 1730
1590434770639 4 1740
1590434770795 4 1750
1590434770948 4 1760
1590434771106 4 1770
1590434771255 4 1780
1590434771409 4 1790
1590434771564 4 1800
1590434771721 4 1810
1590434771875 4 1820
1590434772030 4 1830
1590434772195 4 1840
1590434772350 4 1850
1590434772500 4 1860
1590434772660 4 1870
1590434772818 4 1880
1590434772975 4 1890
1590434773124 4 1900
1590434773281 4 1910
1590434773444 4 1920
1590434773623 4 1930
1590434773783 4 1940
1590434773942 4 1950
1590434774104 4 1960
1590434774257 4 1970
1590434774412 4 1980
1590434774581 4 1990
1590434774817 5 2000
1590434774972 5 2010
1590434775132 5 2020
1590434775296 5 2030
1590434775466 5 2040
1590434775622 5 2050
1590434775776 5 2060
1590434775945 5 2070
1590434776111 5 2080
1590434776261 5 2090
1590434776422 5 2100
1590434776596 5 2110
1590434776750 5 2120
1590434776903 5 2130
1590434777062 5 2140
1590434777225 5 2150
1590434777384 5 2160
1590434777548 5 2170
1590434777709 5 2180
1590434777873 5 2190
1590434778043 5 2200
1590434778195 5 2210
1590434778350 5 2220
1590434778509 5 2230
1590434778666 5 2240
1590434778814 5 2250
1590434778995 5 2260
1590434779158 5 2270
1590434779313 5 2280
1590434779470 5 2290
1590434779622 5 2300
1590434779798 5 2310
1590434779959 5 2320
1590434780118 5 2330
1590434780278 5 2340
1590434780439 5 2350
1590434780596 5 2360
1590434780745 5 2370
1590434780902 5 2380
1590434781071 5 2390
1590434781316 6 2400
1590434781509 6 2410
1590434781698 6 2420
1590434781870 6 2430
1590434782018 6 2440
1590434782176 6 2450
1590434782329 6 2460
1590434782490 6 2470
1590434782656 6 2480
1590434782809 6 2490
1590434782963 6 2500
1590434783123 6 2510
1590434783285 6 2520
1590434783446 6 2530
1590434783606 6 2540
1590434783765 6 2550
1590434783926 6 2560
1590434784088 6 2570
1590434784259 6 2580
1590434784429 6 2590
1590434784595 6 2600
1590434784751 6 2610
1590434784911 6 2620
1590434785069 6 2630
1590434785223 6 2640
1590434785376 6 2650
1590434785534 6 2660
1590434785696 6 2670
1590434785864 6 2680
1590434786019 6 2690
1590434786178 6 2700
1590434786343 6 2710
1590434786510 6 2720
1590434786663 6 2730
1590434786822 6 2740
1590434786982 6 2750
1590434787136 6 2760
1590434787287 6 2770
1590434787444 6 2780
1590434787600 6 2790
1590434787847 7 2800
1590434787999 7 2810
1590434788156 7 2820
1590434788330 7 2830
1590434788510 7 2840
1590434788675 7 2850
1590434788843 7 2860
1590434788998 7 2870
1590434789156 7 2880
1590434789304 7 2890
1590434789455 7 2900
1590434789614 7 2910
1590434789788 7 2920
1590434789978 7 2930
1590434790135 7 2940
1590434790307 7 2950
1590434790459 7 2960
1590434790611 7 2970
1590434790755 7 2980
1590434790911 7 2990
1590434791068 7 3000
1590434791221 7 3010
1590434791376 7 3020
1590434791531 7 3030
1590434791688 7 3040
1590434791840 7 3050
1590434792013 7 3060
1590434792179 7 3070
1590434792362 7 3080
1590434792520 7 3090
1590434792677 7 3100
1590434792843 7 3110
1590434793027 7 3120
1590434793206 7 3130
1590434793374 7 3140
1590434793528 7 3150
1590434793688 7 3160
1590434793850 7 3170
1590434794009 7 3180
1590434794172 7 3190
1590434794413 8 3200
1590434794572 8 3210
1590434794733 8 3220
1590434794900 8 3230
1590434795056 8 3240
1590434795231 8 3250
1590434795385 8 3260
1590434795539 8 3270
1590434795697 8 3280
1590434795857 8 3290
1590434796013 8 3300
1590434796168 8 3310
1590434796320 8 3320
1590434796478 8 3330
1590434796607 8 3340
1590434796762 8 3350
1590434796925 8 3360
1590434797126 8 3370
1590434797285 8 3380
1590434797456 8 3390
1590434797610 8 3400
1590434797767 8 3410
1590434797939 8 3420
1590434798107 8 3430
1590434798268 8 3440
1590434798428 8 3450
1590434798576 8 3460
1590434798756 8 3470
1590434798930 8 3480
1590434799126 8 3490
1590434799305 8 3500
1590434799470 8 3510
1590434799629 8 3520
1590434799787 8 3530
1590434799948 8 3540
1590434800108 8 3550
1590434800268 8 3560
1590434800429 8 3570
1590434800591 8 3580
1590434800751 8 3590
1590434801000 9 3600
1590434801153 9 3610
1590434801315 9 3620
1590434801477 9 3630
1590434801649 9 3640
1590434801828 9 3650
1590434801992 9 3660
1590434802162 9 3670
1590434802327 9 3680
1590434802486 9 3690
1590434802635 9 3700
1590434802792 9 3710
1590434802956 9 3720
1590434803115 9 3730
1590434803276 9 3740
1590434803442 9 3750
1590434803608 9 3760
1590434803761 9 3770
1590434803922 9 3780
1590434804093 9 3790
1590434804261 9 3800
1590434804423 9 3810
1590434804585 9 3820
1590434804743 9 3830
1590434804904 9 3840
1590434805063 9 3850
1590434805254 9 3860
1590434805427 9 3870
1590434805588 9 3880
1590434805746 9 3890
1590434805912 9 3900
1590434806077 9 3910
1590434806241 9 3920
1590434806401 9 3930
1590434806555 9 3940
1590434806737 9 3950
1590434806898 9 3960
1590434807051 9 3970
1590434807207 9 3980
1590434807370 9 3990
