1590434742780 0.1778406798839569 0
1590434742949 0.11278992146253586 10
1590434743100 0.11497054249048233 20
1590434743259 0.11062846332788467 30
1590434743419 0.1116136834025383 40
1590434743571 0.11200128495693207 50
1590434743724 0.10982002317905426 60
1590434743882 0.10745703428983688 70
1590434744038 0.102444127202034 80
1590434744187 0.09620912373065948 90
1590434744345 0.08411940187215805 100
1590434744497 0.07575639337301254 110
1590434744649 0.07329246401786804 120
1590434744808 0.06590423732995987 130
1590434744969 0.0641607791185379 140
1590434745131 0.058367036283016205 150
1590434745291 0.055125415325164795 160
1590434745453 0.05529899150133133 170
1590434745613 0.04944669082760811 180
1590434745773 0.048118956387043 190
1590434745929 0.04577344283461571 200
1590434746085 0.04414881020784378 210
1590434746237 0.042156707495450974 220
1590434746394 0.041123051196336746 230
1590434746549 0.0399167463183403 240
1590434746699 0.03970731794834137 250
1590434746859 0.03918562829494476 260
1590434747016 0.037525538355112076 270
1590434747163 0.03690582886338234 280
1590434747320 0.03626449033617973 290
1590434747482 0.03647773340344429 300
1590434747642 0.03538091108202934 310
1590434747805 0.03488067537546158 320
1590434747964 0.03354056924581528 330
1590434748121 0.03310147300362587 340
1590434748270 0.03249473497271538 350
1590434748426 0.03229009732604027 360
1590434748587 0.03291749954223633 370
1590434748741 0.031482987105846405 380
1590434748903 0.03048601560294628 390
1590434749137 0.02942345105111599 400
1590434749294 0.028907369822263718 410
1590434749445 0.02922622114419937 420
1590434749598 0.028534356504678726 430
1590434749746 0.028157943859696388 440
1590434749897 0.027718106284737587 450
1590434750053 0.02715749479830265 460
1590434750204 0.026856811717152596 470
1590434750360 0.025669723749160767 480
1590434750519 0.025332467630505562 490
1590434750678 0.025386391207575798 500
1590434750833 0.024977944791316986 510
1590434750985 0.02501840330660343 520
1590434751142 0.02364625595510006 530
1590434751295 0.02498731203377247 540
1590434751447 0.023506546393036842 550
1590434751607 0.02396600879728794 560
1590434751769 0.024720357730984688 570
1590434751928 0.02329561859369278 580
1590434752080 0.023839019238948822 590
1590434752227 0.02335459738969803 600
1590434752375 0.02230186201632023 610
1590434752532 0.02113669365644455 620
1590434752693 0.021624919027090073 630
1590434752853 0.022158581763505936 640
1590434753005 0.021169867366552353 650
1590434753164 0.02185840904712677 660
1590434753320 0.02054687775671482 670
1590434753476 0.02078680880367756 680
1590434753628 0.020335467532277107 690
1590434753779 0.019956760108470917 700
1590434753939 0.020390769466757774 710
1590434754098 0.021531909704208374 720
1590434754255 0.02102723717689514 730
1590434754408 0.019329220056533813 740
1590434754564 0.020490683615207672 750
1590434754722 0.02087465487420559 760
1590434754882 0.019273050129413605 770
1590434755031 0.01915915310382843 780
1590434755187 0.019611282274127007 790
1590434755425 0.01968797668814659 800
1590434755572 0.01969454251229763 810
1590434755728 0.018948692828416824 820
1590434755890 0.01888056844472885 830
1590434756052 0.019202370196580887 840
1590434756220 0.018584780395030975 850
1590434756373 0.018043937161564827 860
1590434756532 0.018350869417190552 870
1590434756691 0.01768326200544834 880
1590434756853 0.017800522968173027 890
1590434757014 0.018233997747302055 900
1590434757173 0.017051277682185173 910
1590434757319 0.017731672152876854 920
1590434757478 0.017047876492142677 930
1590434757641 0.01693185232579708 940
1590434757802 0.0176895372569561 950
1590434757962 0.017202844843268394 960
1590434758121 0.0170328076928854 970
1590434758283 0.017928700894117355 980
1590434758445 0.017742399126291275 990
1590434758604 0.01591039076447487 1000
1590434758764 0.016203777864575386 1010
1590434758922 0.016802819445729256 1020
1590434759078 0.016551673412322998 1030
1590434759232 0.01620602048933506 1040
1590434759388 0.015336497686803341 1050
1590434759543 0.016071408987045288 1060
1590434759692 0.016624145209789276 1070
1590434759849 0.015432736836373806 1080
1590434760010 0.016093213111162186 1090
1590434760168 0.01620790921151638 1100
1590434760317 0.015273705124855042 1110
1590434760477 0.016621259972453117 1120
1590434760635 0.015950841829180717 1130
1590434760797 0.015995381399989128 1140
1590434760958 0.015665629878640175 1150
1590434761113 0.015730412676930428 1160
1590434761265 0.014806973747909069 1170
1590434761420 0.01495118997991085 1180
1590434761580 0.01538625918328762 1190
1590434761809 0.016175979748368263 1200
1590434761965 0.015049011446535587 1210
1590434762130 0.014690135605633259 1220
1590434762289 0.015069580636918545 1230
1590434762441 0.015639519318938255 1240
1590434762603 0.01459981594234705 1250
1590434762780 0.014675996266305447 1260
1590434762940 0.014477882534265518 1270
1590434763096 0.014997700229287148 1280
1590434763253 0.0141434445977211 1290
1590434763430 0.014151190407574177 1300
1590434763591 0.01459705363959074 1310
1590434763756 0.014421622268855572 1320
1590434763925 0.014768203720450401 1330
1590434764092 0.01447500754147768 1340
1590434764254 0.013968445360660553 1350
1590434764417 0.014936251565814018 1360
1590434764589 0.013757233507931232 1370
1590434764744 0.014260721392929554 1380
1590434764908 0.01438598521053791 1390
1590434765078 0.014392074197530746 1400
1590434765233 0.014074770733714104 1410
1590434765384 0.014613536186516285 1420
1590434765545 0.013361145742237568 1430
1590434765704 0.01448326651006937 1440
1590434765864 0.01360207237303257 1450
1590434766038 0.013825906440615654 1460
1590434766187 0.013661416247487068 1470
1590434766344 0.013608677312731743 1480
1590434766509 0.01354545634239912 1490
1590434766689 0.013746688142418861 1500
1590434766854 0.013821047730743885 1510
1590434767012 0.013470824807882309 1520
1590434767176 0.013402099721133709 1530
1590434767349 0.013547793962061405 1540
1590434767523 0.013337546959519386 1550
1590434767695 0.013173496350646019 1560
1590434767864 0.0143924904987216 1570
1590434768015 0.013483433984220028 1580
1590434768174 0.01340792328119278 1590
1590434768427 0.012682433240115643 1600
1590434768587 0.013023870065808296 1610
1590434768757 0.012872912921011448 1620
1590434768919 0.012836618348956108 1630
1590434769082 0.013486121781170368 1640
1590434769239 0.012553570792078972 1650
1590434769394 0.012727119959890842 1660
1590434769546 0.01371887419372797 1670
1590434769704 0.013382621109485626 1680
1590434769862 0.012912249192595482 1690
1590434770018 0.012828439474105835 1700
1590434770166 0.012837097980082035 1710
1590434770324 0.012156483717262745 1720
1590434770485 0.012288306839764118 1730
1590434770639 0.012912978418171406 1740
1590434770795 0.012251641601324081 1750
1590434770948 0.012951499782502651 1760
1590434771106 0.012461326085031033 1770
1590434771255 0.012755241245031357 1780
1590434771409 0.01226157695055008 1790
1590434771564 0.012154843658208847 1800
1590434771721 0.012377101927995682 1810
1590434771875 0.011802277527749538 1820
1590434772030 0.012067530304193497 1830
1590434772195 0.012269441038370132 1840
1590434772350 0.012078182771801949 1850
1590434772500 0.01306051854044199 1860
1590434772660 0.012444156222045422 1870
1590434772818 0.012899627909064293 1880
1590434772975 0.01226719468832016 1890
1590434773124 0.01229975838214159 1900
1590434773281 0.011947762221097946 1910
1590434773444 0.012069512158632278 1920
1590434773623 0.012562071904540062 1930
1590434773783 0.011834200471639633 1940
1590434773942 0.012271181680262089 1950
1590434774104 0.012420772574841976 1960
1590434774257 0.011592607945203781 1970
1590434774412 0.011537332087755203 1980
1590434774581 0.011649315245449543 1990
1590434774817 0.012462341226637363 2000
1590434774972 0.01255069486796856 2010
1590434775132 0.011993510648608208 2020
1590434775296 0.012007657438516617 2030
1590434775466 0.011531787924468517 2040
1590434775622 0.012193826958537102 2050
1590434775776 0.012306013144552708 2060
1590434775945 0.012122619897127151 2070
1590434776111 0.011744259856641293 2080
1590434776261 0.0111086405813694 2090
1590434776422 0.01159154623746872 2100
1590434776596 0.011947042308747768 2110
1590434776750 0.011641174554824829 2120
1590434776903 0.011428236030042171 2130
1590434777062 0.01083303615450859 2140
1590434777225 0.01153795886784792 2150
1590434777384 0.011438176035881042 2160
1590434777548 0.011696050874888897 2170
1590434777709 0.0119449058547616 2180
1590434777873 0.011608583852648735 2190
1590434778043 0.011790233664214611 2200
1590434778195 0.011896252632141113 2210
1590434778350 0.011148826219141483 2220
1590434778509 0.011346588842570782 2230
1590434778666 0.011482027359306812 2240
1590434778814 0.011066251434385777 2250
1590434778995 0.01112856063991785 2260
1590434779158 0.011414225213229656 2270
1590434779313 0.011482047848403454 2280
1590434779470 0.01142800971865654 2290
1590434779622 0.010843568481504917 2300
1590434779798 0.011190625838935375 2310
1590434779959 0.010781955905258656 2320
1590434780118 0.010915922001004219 2330
1590434780278 0.010893524624407291 2340
1590434780439 0.011129369959235191 2350
1590434780596 0.011064865626394749 2360
1590434780745 0.010507245548069477 2370
1590434780902 0.010963507927954197 2380
1590434781071 0.010593713261187077 2390
1590434781316 0.011319040320813656 2400
1590434781509 0.011252119205892086 2410
1590434781698 0.011365185491740704 2420
1590434781870 0.011230776086449623 2430
1590434782018 0.011554240249097347 2440
1590434782176 0.011008032597601414 2450
1590434782329 0.010689860209822655 2460
1590434782490 0.010744227096438408 2470
1590434782656 0.010383477434515953 2480
1590434782809 0.010473701171576977 2490
1590434782963 0.01094782818108797 2500
1590434783123 0.010826474986970425 2510
1590434783285 0.010248640552163124 2520
1590434783446 0.010419698432087898 2530
1590434783606 0.010640607215464115 2540
1590434783765 0.010273415595293045 2550
1590434783926 0.010118179954588413 2560
1590434784088 0.010998372919857502 2570
1590434784259 0.010578008368611336 2580
1590434784429 0.010551311075687408 2590
1590434784595 0.010244283825159073 2600
1590434784751 0.010340175591409206 2610
1590434784911 0.010268920101225376 2620
1590434785069 0.01065581850707531 2630
1590434785223 0.009817290119826794 2640
1590434785376 0.010139926336705685 2650
1590434785534 0.010081510990858078 2660
1590434785696 0.010324576869606972 2670
1590434785864 0.009976224973797798 2680
1590434786019 0.011468840762972832 2690
1590434786178 0.010786492377519608 2700
1590434786343 0.010135263204574585 2710
1590434786510 0.010489602573215961 2720
1590434786663 0.010711951181292534 2730
1590434786822 0.009969488717615604 2740
1590434786982 0.010969173163175583 2750
1590434787136 0.010320640169084072 2760
1590434787287 0.009930875152349472 2770
1590434787444 0.010617394931614399 2780
1590434787600 0.01027952041476965 2790
1590434787847 0.010464735329151154 2800
1590434787999 0.010132618248462677 2810
1590434788156 0.010086743161082268 2820
1590434788330 0.010000291280448437 2830
1590434788510 0.009859582409262657 2840
1590434788675 0.010063295252621174 2850
1590434788843 0.00996885821223259 2860
1590434788998 0.010311722755432129 2870
1590434789156 0.010044665075838566 2880
1590434789304 0.009808343835175037 2890
1590434789455 0.010222031734883785 2900
1590434789614 0.01079175528138876 2910
1590434789788 0.009994056075811386 2920
1590434789978 0.010156255215406418 2930
1590434790135 0.010301128961145878 2940
1590434790307 0.00972618255764246 2950
1590434790459 0.010060903616249561 2960
1590434790611 0.009979179129004478 2970
1590434790755 0.00982348620891571 2980
1590434790911 0.009746421128511429 2990
1590434791068 0.010401611216366291 3000
1590434791221 0.010209593921899796 3010
1590434791376 0.009806436486542225 3020
1590434791531 0.009769867174327374 3030
1590434791688 0.009497014805674553 3040
1590434791840 0.010003522038459778 3050
1590434792013 0.009843614883720875 3060
1590434792179 0.009704657830297947 3070
1590434792362 0.009625570848584175 3080
1590434792520 0.009807060472667217 3090
1590434792677 0.010590322315692902 3100
1590434792843 0.009889761917293072 3110
1590434793027 0.009237286634743214 3120
1590434793206 0.00947895273566246 3130
1590434793374 0.009587159380316734 3140
1590434793528 0.009605315513908863 3150
1590434793688 0.009937373921275139 3160
1590434793850 0.009181068278849125 3170
1590434794009 0.009947136044502258 3180
1590434794172 0.00923288706690073 3190
1590434794413 0.009129436686635017 3200
1590434794572 0.01045241579413414 3210
1590434794733 0.009969735518097878 3220
1590434794900 0.009622069075703621 3230
1590434795056 0.009326704777777195 3240
1590434795231 0.009380359202623367 3250
1590434795385 0.009372140280902386 3260
1590434795539 0.009432578459382057 3270
1590434795697 0.009477836079895496 3280
1590434795857 0.009689981117844582 3290
1590434796013 0.009198799729347229 3300
1590434796168 0.010322429239749908 3310
1590434796320 0.010437596589326859 3320
1590434796478 0.009677618741989136 3330
1590434796607 0.009188246913254261 3340
1590434796762 0.010098983533680439 3350
1590434796925 0.00935469288378954 3360
1590434797126 0.009623114950954914 3370
1590434797285 0.00924257468432188 3380
1590434797456 0.009164164774119854 3390
1590434797610 0.009248938411474228 3400
1590434797767 0.0094582075253129 3410
1590434797939 0.009106574580073357 3420
1590434798107 0.00898584071546793 3430
1590434798268 0.009249882772564888 3440
1590434798428 0.009648299776017666 3450
1590434798576 0.008926324546337128 3460
1590434798756 0.0093454010784626 3470
1590434798930 0.009509210474789143 3480
1590434799126 0.009781157597899437 3490
1590434799305 0.010482531040906906 3500
1590434799470 0.00932889524847269 3510
1590434799629 0.008874832652509212 3520
1590434799787 0.009197509847581387 3530
1590434799948 0.009214152581989765 3540
1590434800108 0.00869730208069086 3550
1590434800268 0.009499937295913696 3560
1590434800429 0.00996591430157423 3570
1590434800591 0.009642919525504112 3580
1590434800751 0.009043844416737556 3590
1590434801000 0.009874174371361732 3600
1590434801153 0.010115259326994419 3610
1590434801315 0.00928320363163948 3620
1590434801477 0.00885684322565794 3630
1590434801649 0.009247221052646637 3640
1590434801828 0.008822142146527767 3650
1590434801992 0.009329213760793209 3660
1590434802162 0.008937949314713478 3670
1590434802327 0.010259146802127361 3680
1590434802486 0.00963584054261446 3690
1590434802635 0.008731291629374027 3700
1590434802792 0.008664875291287899 3710
1590434802956 0.008773749694228172 3720
1590434803115 0.008955772966146469 3730
1590434803276 0.008682508952915668 3740
1590434803442 0.00838609877973795 3750
1590434803608 0.008707189932465553 3760
1590434803761 0.008782042190432549 3770
1590434803922 0.00865511316806078 3780
1590434804093 0.009020150639116764 3790
1590434804261 0.008462172001600266 3800
1590434804423 0.008621453307569027 3810
1590434804585 0.00836899969726801 3820
1590434804743 0.00895458459854126 3830
1590434804904 0.009524085558950901 3840
1590434805063 0.008519452065229416 3850
1590434805254 0.008662889711558819 3860
1590434805427 0.00863882526755333 3870
1590434805588 0.009229318238794804 3880
1590434805746 0.00923109520226717 3890
1590434805912 0.009055839851498604 3900
1590434806077 0.009329660795629025 3910
1590434806241 0.00885803997516632 3920
1590434806401 0.008867732249200344 3930
1590434806555 0.00932824332267046 3940
1590434806737 0.009152215905487537 3950
1590434806898 0.00831263605505228 3960
1590434807051 0.009128689765930176 3970
1590434807207 0.009094440378248692 3980
1590434807370 0.008468208834528923 3990
