1590433963907 0 0
1590433964094 0 10
1590433964253 0 20
1590433964404 0 30
1590433964554 0 40
1590433964709 0 50
1590433964859 0 60
1590433964999 0 70
1590433965149 0 80
1590433965300 0 90
1590433965452 0 100
1590433965602 0 110
1590433965751 0 120
1590433965903 0 130
1590433966050 0 140
1590433966206 0 150
1590433966354 0 160
1590433966506 0 170
1590433966653 0 180
1590433966800 0 190
1590433966946 0 200
1590433967089 0 210
1590433967234 0 220
1590433967377 0 230
1590433967516 0 240
1590433967658 0 250
1590433967802 0 260
1590433967946 0 270
1590433968095 0 280
1590433968246 0 290
1590433968398 0 300
1590433968547 0 310
1590433968697 0 320
1590433968840 0 330
1590433968983 0 340
1590433969124 0 350
1590433969271 0 360
1590433969413 0 370
1590433969562 0 380
1590433969704 0 390
1590433969929 1 400
1590433970077 1 410
1590433970228 1 420
1590433970378 1 430
1590433970528 1 440
1590433970674 1 450
1590433970818 1 460
1590433970960 1 470
1590433971111 1 480
1590433971274 1 490
1590433971425 1 500
1590433971577 1 510
1590433971727 1 520
1590433971877 1 530
1590433972022 1 540
1590433972170 1 550
1590433972320 1 560
1590433972474 1 570
1590433972618 1 580
1590433972761 1 590
1590433972906 1 600
1590433973055 1 610
1590433973205 1 620
1590433973372 1 630
1590433973544 1 640
1590433973684 1 650
1590433973817 1 660
1590433973966 1 670
1590433974122 1 680
1590433974323 1 690
1590433974501 1 700
1590433974658 1 710
1590433974808 1 720
1590433974972 1 730
1590433975126 1 740
1590433975283 1 750
1590433975431 1 760
1590433975586 1 770
1590433975731 1 780
1590433975879 1 790
1590433976115 2 800
1590433976254 2 810
1590433976398 2 820
1590433976553 2 830
1590433976707 2 840
1590433976853 2 850
1590433977009 2 860
1590433977157 2 870
1590433977319 2 880
1590433977470 2 890
1590433977615 2 900
1590433977760 2 910
1590433977910 2 920
1590433978062 2 930
1590433978204 2 940
1590433978359 2 950
1590433978513 2 960
1590433978664 2 970
1590433978812 2 980
1590433978965 2 990
1590433979124 2 1000
1590433979274 2 1010
1590433979427 2 1020
1590433979579 2 1030
1590433979724 2 1040
1590433979868 2 1050
1590433980009 2 1060
1590433980159 2 1070
1590433980312 2 1080
1590433980474 2 1090
1590433980635 2 1100
1590433980779 2 1110
1590433980920 2 1120
1590433981061 2 1130
1590433981220 2 1140
1590433981383 2 1150
1590433981539 2 1160
1590433981688 2 1170
1590433981825 2 1180
1590433981968 2 1190
