1590433963907 0.12977235019207 0
1590433964094 0.11435816437005997 10
1590433964253 0.11099791526794434 20
1590433964404 0.11268071830272675 30
1590433964554 0.10903305560350418 40
1590433964709 0.10443679988384247 50
1590433964859 0.10144861787557602 60
1590433964999 0.09355438500642776 70
1590433965149 0.0888485237956047 80
1590433965300 0.07887066900730133 90
1590433965452 0.07392429560422897 100
1590433965602 0.06687340885400772 110
1590433965751 0.0636054202914238 120
1590433965903 0.05964574217796326 130
1590433966050 0.054019879549741745 140
1590433966206 0.051566123962402344 150
1590433966354 0.04813309386372566 160
1590433966506 0.04596593230962753 170
1590433966653 0.044212326407432556 180
1590433966800 0.04184601455926895 190
1590433966946 0.03866522014141083 200
1590433967089 0.037822749465703964 210
1590433967234 0.03785621002316475 220
1590433967377 0.035413797944784164 230
1590433967516 0.035885944962501526 240
1590433967658 0.034895364195108414 250
1590433967802 0.0326186940073967 260
1590433967946 0.03274346888065338 270
1590433968095 0.031610388308763504 280
1590433968246 0.028378818184137344 290
1590433968398 0.030839689075946808 300
1590433968547 0.029347658157348633 310
1590433968697 0.03081147000193596 320
1590433968840 0.02969370037317276 330
1590433968983 0.02999868430197239 340
1590433969124 0.028099512681365013 350
1590433969271 0.027657795697450638 360
1590433969413 0.027895711362361908 370
1590433969562 0.026675699278712273 380
1590433969704 0.0261168722063303 390
1590433969929 0.025686796754598618 400
1590433970077 0.025791527703404427 410
1590433970228 0.026441410183906555 420
1590433970378 0.023584216833114624 430
1590433970528 0.024663927033543587 440
1590433970674 0.023792888969182968 450
1590433970818 0.02387637086212635 460
1590433970960 0.023495394736528397 470
1590433971111 0.023734262213110924 480
1590433971274 0.023889990523457527 490
1590433971425 0.02242129109799862 500
1590433971577 0.022654801607131958 510
1590433971727 0.02225549705326557 520
1590433971877 0.02255803719162941 530
1590433972022 0.02284846641123295 540
1590433972170 0.022603819146752357 550
1590433972320 0.02063634619116783 560
1590433972474 0.021643953397870064 570
1590433972618 0.02074807696044445 580
1590433972761 0.021502744406461716 590
1590433972906 0.0207551009953022 600
1590433973055 0.02094964310526848 610
1590433973205 0.020615095272660255 620
1590433973372 0.020938362926244736 630
1590433973544 0.020506465807557106 640
1590433973684 0.02022675797343254 650
1590433973817 0.020110486075282097 660
1590433973966 0.020156918093562126 670
1590433974122 0.019587144255638123 680
1590433974323 0.02030840888619423 690
1590433974501 0.019335297867655754 700
1590433974658 0.019347019493579865 710
1590433974808 0.018630925565958023 720
1590433974972 0.01906447671353817 730
1590433975126 0.01919369399547577 740
1590433975283 0.018812280148267746 750
1590433975431 0.01850515976548195 760
1590433975586 0.017629917711019516 770
1590433975731 0.017201149836182594 780
1590433975879 0.018032001331448555 790
1590433976115 0.018045974895358086 800
1590433976254 0.01813630387187004 810
1590433976398 0.018036048859357834 820
1590433976553 0.01713392697274685 830
1590433976707 0.017919881269335747 840
1590433976853 0.018175264820456505 850
1590433977009 0.017843002453446388 860
1590433977157 0.01807653158903122 870
1590433977319 0.01684841886162758 880
1590433977470 0.01657031662762165 890
1590433977615 0.017078688368201256 900
1590433977760 0.01731831580400467 910
1590433977910 0.01707339473068714 920
1590433978062 0.016963306814432144 930
1590433978204 0.01719462126493454 940
1590433978359 0.016748052090406418 950
1590433978513 0.016400588676333427 960
1590433978664 0.017283834517002106 970
1590433978812 0.015849949792027473 980
1590433978965 0.017003510147333145 990
1590433979124 0.01599847711622715 1000
1590433979274 0.015951145440340042 1010
1590433979427 0.015615644864737988 1020
1590433979579 0.016106022521853447 1030
1590433979724 0.016627464443445206 1040
1590433979868 0.01618034951388836 1050
1590433980009 0.016586752608418465 1060
1590433980159 0.015967529267072678 1070
1590433980312 0.016459207981824875 1080
1590433980474 0.01657171919941902 1090
1590433980635 0.01570591889321804 1100
1590433980779 0.015276112593710423 1110
1590433980920 0.015348082408308983 1120
1590433981061 0.015645889565348625 1130
1590433981220 0.01487746462225914 1140
1590433981383 0.015258665196597576 1150
1590433981539 0.01494516059756279 1160
1590433981688 0.014041672460734844 1170
1590433981825 0.015133028849959373 1180
1590433981968 0.01459566131234169 1190
