1590434406134 0 0
1590434406326 0 10
1590434406487 0 20
1590434406637 0 30
1590434406788 0 40
1590434406938 0 50
1590434407087 0 60
1590434407235 0 70
1590434407383 0 80
1590434407524 0 90
1590434407665 0 100
1590434407809 0 110
1590434407952 0 120
1590434408096 0 130
1590434408240 0 140
1590434408387 0 150
1590434408533 0 160
1590434408669 0 170
1590434408821 0 180
1590434408980 0 190
1590434409133 0 200
1590434409280 0 210
1590434409423 0 220
1590434409566 0 230
1590434409715 0 240
1590434409865 0 250
1590434410007 0 260
1590434410156 0 270
1590434410308 0 280
1590434410458 0 290
1590434410607 0 300
1590434410750 0 310
1590434410893 0 320
1590434411044 0 330
1590434411192 0 340
1590434411345 0 350
1590434411492 0 360
1590434411643 0 370
1590434411792 0 380
1590434411939 0 390
1590434412168 1 400
1590434412311 1 410
1590434412459 1 420
1590434412602 1 430
1590434412747 1 440
1590434412888 1 450
1590434413034 1 460
1590434413185 1 470
1590434413344 1 480
1590434413501 1 490
1590434413647 1 500
1590434413797 1 510
1590434413939 1 520
1590434414091 1 530
1590434414241 1 540
1590434414382 1 550
1590434414523 1 560
1590434414670 1 570
1590434414814 1 580
1590434414958 1 590
1590434415098 1 600
1590434415241 1 610
1590434415393 1 620
1590434415541 1 630
1590434415686 1 640
1590434415834 1 650
1590434415983 1 660
1590434416135 1 670
1590434416283 1 680
1590434416433 1 690
1590434416579 1 700
1590434416719 1 710
1590434416864 1 720
1590434417006 1 730
1590434417148 1 740
1590434417293 1 750
1590434417437 1 760
1590434417578 1 770
1590434417720 1 780
1590434417865 1 790
1590434418079 2 800
1590434418216 2 810
1590434418368 2 820
1590434418515 2 830
1590434418662 2 840
1590434418807 2 850
1590434418955 2 860
1590434419106 2 870
1590434419253 2 880
1590434419396 2 890
1590434419539 2 900
1590434419682 2 910
1590434419824 2 920
1590434419973 2 930
1590434420124 2 940
1590434420282 2 950
1590434420432 2 960
1590434420576 2 970
1590434420722 2 980
1590434420867 2 990
1590434421024 2 1000
1590434421169 2 1010
1590434421320 2 1020
1590434421468 2 1030
1590434421613 2 1040
1590434421763 2 1050
1590434421911 2 1060
1590434422060 2 1070
1590434422204 2 1080
1590434422351 2 1090
1590434422497 2 1100
1590434422647 2 1110
1590434422787 2 1120
1590434422936 2 1130
1590434423090 2 1140
1590434423240 2 1150
1590434423392 2 1160
1590434423536 2 1170
1590434423681 2 1180
1590434423828 2 1190
