1590434406134 0.11655868589878082 0
1590434406326 0.11258133500814438 10
1590434406487 0.11067184805870056 20
1590434406637 0.10303580015897751 30
1590434406788 0.09945347160100937 40
1590434406938 0.09180448204278946 50
1590434407087 0.0841260552406311 60
1590434407235 0.0785030946135521 70
1590434407383 0.0725381001830101 80
1590434407524 0.06915678083896637 90
1590434407665 0.06694801151752472 100
1590434407809 0.06436692923307419 110
1590434407952 0.06158720701932907 120
1590434408096 0.058269914239645004 130
1590434408240 0.05784064158797264 140
1590434408387 0.05746336653828621 150
1590434408533 0.05314391478896141 160
1590434408669 0.0491621270775795 170
1590434408821 0.04916221275925636 180
1590434408980 0.048246487975120544 190
1590434409133 0.0465129092335701 200
1590434409280 0.044865865260362625 210
1590434409423 0.042619604617357254 220
1590434409566 0.04176801070570946 230
1590434409715 0.039667125791311264 240
1590434409865 0.039011627435684204 250
1590434410007 0.038373976945877075 260
1590434410156 0.03728818893432617 270
1590434410308 0.03673304244875908 280
1590434410458 0.03649285435676575 290
1590434410607 0.0368044339120388 300
1590434410750 0.03420440852642059 310
1590434410893 0.034274306148290634 320
1590434411044 0.034184735268354416 330
1590434411192 0.0329921580851078 340
1590434411345 0.032778531312942505 350
1590434411492 0.03176986798644066 360
1590434411643 0.031508494168519974 370
1590434411792 0.03180590271949768 380
1590434411939 0.030108636245131493 390
1590434412168 0.02908746711909771 400
1590434412311 0.028482381254434586 410
1590434412459 0.03047015517950058 420
1590434412602 0.02848992682993412 430
1590434412747 0.028787832707166672 440
1590434412888 0.02902984991669655 450
1590434413034 0.026743942871689796 460
1590434413185 0.027782537043094635 470
1590434413344 0.027067670598626137 480
1590434413501 0.025433095172047615 490
1590434413647 0.026721248403191566 500
1590434413797 0.02667078748345375 510
1590434413939 0.026122666895389557 520
1590434414091 0.024939168244600296 530
1590434414241 0.02461361512541771 540
1590434414382 0.024279436096549034 550
1590434414523 0.023577451705932617 560
1590434414670 0.02373833954334259 570
1590434414814 0.02365710400044918 580
1590434414958 0.023997880518436432 590
1590434415098 0.0233025960624218 600
1590434415241 0.02274325303733349 610
1590434415393 0.021961458027362823 620
1590434415541 0.024016384035348892 630
1590434415686 0.02274315245449543 640
1590434415834 0.021924657747149467 650
1590434415983 0.022610025480389595 660
1590434416135 0.021780990064144135 670
1590434416283 0.022327855229377747 680
1590434416433 0.022130632773041725 690
1590434416579 0.021003272384405136 700
1590434416719 0.021142832934856415 710
1590434416864 0.02143939398229122 720
1590434417006 0.022042207419872284 730
1590434417148 0.020300820469856262 740
1590434417293 0.021938582882285118 750
1590434417437 0.02042306773364544 760
1590434417578 0.020849203690886497 770
1590434417720 0.020892366766929626 780
1590434417865 0.021043939515948296 790
1590434418079 0.019726239144802094 800
1590434418216 0.020909646525979042 810
1590434418368 0.020091349259018898 820
1590434418515 0.02014756388962269 830
1590434418662 0.020558923482894897 840
1590434418807 0.01909753680229187 850
1590434418955 0.018825868144631386 860
1590434419106 0.01964307762682438 870
1590434419253 0.01850084960460663 880
1590434419396 0.020121941342949867 890
1590434419539 0.01870616525411606 900
1590434419682 0.019000044092535973 910
1590434419824 0.020241525024175644 920
1590434419973 0.01968112401664257 930
1590434420124 0.019114244729280472 940
1590434420282 0.018551014363765717 950
1590434420432 0.019743096083402634 960
1590434420576 0.018556496128439903 970
1590434420722 0.01873668283224106 980
1590434420867 0.018593907356262207 990
1590434421024 0.01827748864889145 1000
1590434421169 0.01827799342572689 1010
1590434421320 0.01830117404460907 1020
1590434421468 0.018567228689789772 1030
1590434421613 0.017724283039569855 1040
1590434421763 0.0185509342700243 1050
1590434421911 0.018566573038697243 1060
1590434422060 0.017733538523316383 1070
1590434422204 0.017527945339679718 1080
1590434422351 0.018869278952479362 1090
1590434422497 0.01887647621333599 1100
1590434422647 0.01608530804514885 1110
1590434422787 0.01657445728778839 1120
1590434422936 0.017211927101016045 1130
1590434423090 0.016597511246800423 1140
1590434423240 0.017588304355740547 1150
1590434423392 0.016655530780553818 1160
1590434423536 0.016962090507149696 1170
1590434423681 0.0167534202337265 1180
1590434423828 0.017027121037244797 1190
