1590436672131 0 0
1590436672309 0 10
1590436672454 0 20
1590436672595 0 30
1590436672736 0 40
1590436672878 0 50
1590436673016 0 60
1590436673157 0 70
1590436673298 0 80
1590436673440 0 90
1590436673598 0 100
1590436673742 0 110
1590436673887 0 120
1590436674024 0 130
1590436674164 0 140
1590436674303 0 150
1590436674447 0 160
1590436674586 0 170
1590436674732 0 180
1590436674878 0 190
1590436675025 0 200
1590436675171 0 210
1590436675315 0 220
1590436675455 0 230
1590436675598 0 240
1590436675743 0 250
1590436675888 0 260
1590436676032 0 270
1590436676175 0 280
1590436676309 0 290
1590436676455 0 300
1590436676597 0 310
1590436676780 0 320
1590436676998 0 330
1590436677157 0 340
1590436677318 0 350
1590436677463 0 360
1590436677610 0 370
1590436677761 0 380
1590436677917 0 390
1590436678149 1 400
1590436678284 1 410
1590436678425 1 420
1590436678582 1 430
1590436678729 1 440
1590436678877 1 450
1590436679033 1 460
1590436679194 1 470
1590436679345 1 480
1590436679489 1 490
1590436679641 1 500
1590436679783 1 510
1590436679930 1 520
1590436680077 1 530
1590436680223 1 540
1590436680365 1 550
1590436680515 1 560
1590436680669 1 570
1590436680820 1 580
1590436680977 1 590
1590436681127 1 600
1590436681282 1 610
1590436681430 1 620
1590436681583 1 630
1590436681729 1 640
1590436681876 1 650
1590436682019 1 660
1590436682161 1 670
1590436682306 1 680
1590436682459 1 690
1590436682607 1 700
1590436682757 1 710
1590436682902 1 720
1590436683050 1 730
1590436683207 1 740
1590436683354 1 750
1590436683504 1 760
1590436683646 1 770
1590436683789 1 780
1590436683923 1 790
1590436684139 2 800
1590436684278 2 810
1590436684420 2 820
1590436684560 2 830
1590436684702 2 840
1590436684843 2 850
1590436684991 2 860
1590436685137 2 870
1590436685292 2 880
1590436685433 2 890
1590436685586 2 900
1590436685729 2 910
1590436685876 2 920
1590436686026 2 930
1590436686178 2 940
1590436686327 2 950
1590436686478 2 960
1590436686629 2 970
1590436686782 2 980
1590436686933 2 990
1590436687082 2 1000
1590436687232 2 1010
1590436687397 2 1020
1590436687553 2 1030
1590436687709 2 1040
1590436687860 2 1050
1590436688013 2 1060
1590436688159 2 1070
1590436688316 2 1080
1590436688464 2 1090
1590436688609 2 1100
1590436688744 2 1110
1590436688884 2 1120
1590436689027 2 1130
1590436689175 2 1140
1590436689317 2 1150
1590436689461 2 1160
1590436689609 2 1170
1590436689755 2 1180
1590436689906 2 1190
1590436690144 3 1200
1590436690293 3 1210
1590436690443 3 1220
1590436690592 3 1230
1590436690742 3 1240
1590436690895 3 1250
1590436691049 3 1260
1590436691198 3 1270
1590436691352 3 1280
1590436691499 3 1290
1590436691655 3 1300
1590436691801 3 1310
1590436691945 3 1320
1590436692095 3 1330
1590436692239 3 1340
1590436692381 3 1350
1590436692523 3 1360
1590436692666 3 1370
1590436692811 3 1380
1590436692949 3 1390
1590436693094 3 1400
1590436693247 3 1410
1590436693391 3 1420
1590436693534 3 1430
1590436693682 3 1440
1590436693832 3 1450
1590436693983 3 1460
1590436694129 3 1470
1590436694273 3 1480
1590436694426 3 1490
1590436694571 3 1500
1590436694726 3 1510
1590436694879 3 1520
1590436695025 3 1530
1590436695163 3 1540
1590436695313 3 1550
1590436695459 3 1560
1590436695612 3 1570
1590436695782 3 1580
1590436695934 3 1590
1590436696182 4 1600
1590436696327 4 1610
1590436696482 4 1620
1590436696628 4 1630
1590436696773 4 1640
1590436696910 4 1650
1590436697052 4 1660
1590436697193 4 1670
1590436697334 4 1680
1590436697475 4 1690
1590436697615 4 1700
1590436697764 4 1710
1590436697912 4 1720
1590436698058 4 1730
1590436698199 4 1740
1590436698344 4 1750
1590436698492 4 1760
1590436698639 4 1770
1590436698782 4 1780
1590436698923 4 1790
1590436699069 4 1800
1590436699221 4 1810
1590436699382 4 1820
1590436699527 4 1830
1590436699667 4 1840
1590436699808 4 1850
1590436699948 4 1860
1590436700108 4 1870
1590436700264 4 1880
1590436700410 4 1890
1590436700561 4 1900
1590436700701 4 1910
1590436700849 4 1920
1590436701012 4 1930
1590436701171 4 1940
1590436701334 4 1950
1590436701499 4 1960
1590436701659 4 1970
1590436701819 4 1980
1590436701976 4 1990
1590436702213 5 2000
1590436702360 5 2010
1590436702509 5 2020
1590436702661 5 2030
1590436702818 5 2040
1590436702966 5 2050
1590436703113 5 2060
1590436703284 5 2070
1590436703445 5 2080
1590436703601 5 2090
1590436703751 5 2100
1590436703895 5 2110
1590436704045 5 2120
1590436704190 5 2130
1590436704345 5 2140
1590436704488 5 2150
1590436704634 5 2160
1590436704783 5 2170
1590436704933 5 2180
1590436705086 5 2190
1590436705231 5 2200
1590436705377 5 2210
1590436705519 5 2220
1590436705672 5 2230
1590436705826 5 2240
1590436705980 5 2250
1590436706140 5 2260
1590436706288 5 2270
1590436706442 5 2280
1590436706585 5 2290
1590436706730 5 2300
1590436706876 5 2310
1590436707013 5 2320
1590436707160 5 2330
1590436707311 5 2340
1590436707461 5 2350
1590436707608 5 2360
1590436707751 5 2370
1590436707892 5 2380
1590436708048 5 2390
1590436708276 6 2400
1590436708434 6 2410
1590436708585 6 2420
1590436708732 6 2430
1590436708881 6 2440
1590436709019 6 2450
1590436709166 6 2460
1590436709307 6 2470
1590436709452 6 2480
1590436709592 6 2490
1590436709735 6 2500
1590436709876 6 2510
1590436710013 6 2520
1590436710153 6 2530
1590436710295 6 2540
1590436710434 6 2550
1590436710575 6 2560
1590436710716 6 2570
1590436710857 6 2580
1590436710998 6 2590
1590436711152 6 2600
1590436711298 6 2610
1590436711444 6 2620
1590436711588 6 2630
1590436711731 6 2640
1590436711883 6 2650
1590436712029 6 2660
1590436712173 6 2670
1590436712317 6 2680
1590436712463 6 2690
1590436712606 6 2700
1590436712745 6 2710
1590436712886 6 2720
1590436713039 6 2730
1590436713182 6 2740
1590436713323 6 2750
1590436713469 6 2760
1590436713620 6 2770
1590436713771 6 2780
1590436713919 6 2790
1590436714142 7 2800
1590436714288 7 2810
1590436714429 7 2820
1590436714570 7 2830
1590436714718 7 2840
1590436714866 7 2850
1590436715019 7 2860
1590436715172 7 2870
1590436715326 7 2880
1590436715472 7 2890
1590436715631 7 2900
1590436715781 7 2910
1590436715934 7 2920
1590436716095 7 2930
1590436716245 7 2940
1590436716397 7 2950
1590436716548 7 2960
1590436716695 7 2970
1590436716843 7 2980
1590436716997 7 2990
1590436717146 7 3000
1590436717295 7 3010
1590436717442 7 3020
1590436717595 7 3030
1590436717745 7 3040
1590436717903 7 3050
1590436718052 7 3060
1590436718203 7 3070
1590436718352 7 3080
1590436718504 7 3090
1590436718653 7 3100
1590436718810 7 3110
1590436718973 7 3120
1590436719134 7 3130
1590436719303 7 3140
1590436719462 7 3150
1590436719630 7 3160
1590436719797 7 3170
1590436719961 7 3180
1590436720117 7 3190
1590436720353 8 3200
1590436720501 8 3210
1590436720652 8 3220
1590436720801 8 3230
1590436720950 8 3240
1590436721094 8 3250
1590436721244 8 3260
1590436721387 8 3270
1590436721528 8 3280
1590436721671 8 3290
1590436721811 8 3300
1590436721960 8 3310
1590436722100 8 3320
1590436722245 8 3330
1590436722390 8 3340
1590436722550 8 3350
1590436722695 8 3360
1590436722842 8 3370
1590436722994 8 3380
1590436723142 8 3390
1590436723297 8 3400
1590436723456 8 3410
1590436723615 8 3420
1590436723760 8 3430
1590436723913 8 3440
1590436724060 8 3450
1590436724208 8 3460
1590436724348 8 3470
1590436724493 8 3480
1590436724631 8 3490
1590436724775 8 3500
1590436724915 8 3510
1590436725061 8 3520
1590436725204 8 3530
1590436725361 8 3540
1590436725509 8 3550
1590436725660 8 3560
1590436725801 8 3570
1590436725948 8 3580
1590436726093 8 3590
1590436726334 9 3600
1590436726480 9 3610
1590436726629 9 3620
1590436726772 9 3630
1590436726928 9 3640
1590436727078 9 3650
1590436727225 9 3660
1590436727370 9 3670
1590436727520 9 3680
1590436727667 9 3690
1590436727819 9 3700
1590436727973 9 3710
1590436728123 9 3720
1590436728278 9 3730
1590436728425 9 3740
1590436728580 9 3750
1590436728717 9 3760
1590436728860 9 3770
1590436728999 9 3780
1590436729144 9 3790
1590436729289 9 3800
1590436729442 9 3810
1590436729590 9 3820
1590436729745 9 3830
1590436729893 9 3840
1590436730049 9 3850
1590436730195 9 3860
1590436730350 9 3870
1590436730497 9 3880
1590436730649 9 3890
1590436730798 9 3900
1590436730949 9 3910
1590436731101 9 3920
1590436731253 9 3930
1590436731404 9 3940
1590436731553 9 3950
1590436731701 9 3960
1590436731862 9 3970
1590436732006 9 3980
1590436732157 9 3990
