1590436672131 0.28101176023483276 0
1590436672309 0.11294197291135788 10
1590436672454 0.11097369343042374 20
1590436672595 0.11209053546190262 30
1590436672736 0.10576854646205902 40
1590436672878 0.10171598196029663 50
1590436673016 0.0946604385972023 60
1590436673157 0.08619194477796555 70
1590436673298 0.07902646064758301 80
1590436673440 0.07280321419239044 90
1590436673598 0.06917033344507217 100
1590436673742 0.06460799276828766 110
1590436673887 0.06101357936859131 120
1590436674024 0.05927922576665878 130
1590436674164 0.054362375289201736 140
1590436674303 0.05074913799762726 150
1590436674447 0.04619036987423897 160
1590436674586 0.045378249138593674 170
1590436674732 0.04196853190660477 180
1590436674878 0.04075435921549797 190
1590436675025 0.03870738297700882 200
1590436675171 0.03852227330207825 210
1590436675315 0.037679970264434814 220
1590436675455 0.03563104569911957 230
1590436675598 0.03388959541916847 240
1590436675743 0.03252376616001129 250
1590436675888 0.03283517435193062 260
1590436676032 0.03251070901751518 270
1590436676175 0.030646344646811485 280
1590436676309 0.029513143002986908 290
1590436676455 0.029777050018310547 300
1590436676597 0.0280072670429945 310
1590436676780 0.02785487473011017 320
1590436676998 0.027416309341788292 330
1590436677157 0.026442959904670715 340
1590436677318 0.02516172081232071 350
1590436677463 0.026320965960621834 360
1590436677610 0.02286582812666893 370
1590436677761 0.024261392652988434 380
1590436677917 0.023140795528888702 390
1590436678149 0.0227830670773983 400
1590436678284 0.025543803349137306 410
1590436678425 0.022640924900770187 420
1590436678582 0.02178669534623623 430
1590436678729 0.022540653124451637 440
1590436678877 0.020774146541953087 450
1590436679033 0.02229306288063526 460
1590436679194 0.02198703959584236 470
1590436679345 0.020644627511501312 480
1590436679489 0.019866686314344406 490
1590436679641 0.019842034205794334 500
1590436679783 0.019204143434762955 510
1590436679930 0.019482063129544258 520
1590436680077 0.02088310569524765 530
1590436680223 0.01972074806690216 540
1590436680365 0.019056664779782295 550
1590436680515 0.0188582893460989 560
1590436680669 0.018821438774466515 570
1590436680820 0.019230395555496216 580
1590436680977 0.018093742430210114 590
1590436681127 0.017918771132826805 600
1590436681282 0.01812664419412613 610
1590436681430 0.01734806038439274 620
1590436681583 0.01703462563455105 630
1590436681729 0.017376143485307693 640
1590436681876 0.017031153663992882 650
1590436682019 0.017290502786636353 660
1590436682161 0.017208147794008255 670
1590436682306 0.016870219260454178 680
1590436682459 0.01563890464603901 690
1590436682607 0.01649111695587635 700
1590436682757 0.016168324276804924 710
1590436682902 0.01722763106226921 720
1590436683050 0.01636308617889881 730
1590436683207 0.01544752437621355 740
1590436683354 0.01545410230755806 750
1590436683504 0.016041003167629242 760
1590436683646 0.01614932157099247 770
1590436683789 0.015050691552460194 780
1590436683923 0.014797605574131012 790
1590436684139 0.01452446635812521 800
1590436684278 0.015669800341129303 810
1590436684420 0.014668412506580353 820
1590436684560 0.015238190069794655 830
1590436684702 0.014324676245450974 840
1590436684843 0.01593085564672947 850
1590436684991 0.014594905078411102 860
1590436685137 0.015134925954043865 870
1590436685292 0.015172631479799747 880
1590436685433 0.014165850356221199 890
1590436685586 0.013743280433118343 900
1590436685729 0.01337096281349659 910
1590436685876 0.013106750324368477 920
1590436686026 0.014034347608685493 930
1590436686178 0.014114255085587502 940
1590436686327 0.013963536359369755 950
1590436686478 0.013858682475984097 960
1590436686629 0.014107364229857922 970
1590436686782 0.013087654486298561 980
1590436686933 0.013329613022506237 990
1590436687082 0.013874674215912819 1000
1590436687232 0.014006017707288265 1010
1590436687397 0.013143206015229225 1020
1590436687553 0.013144324533641338 1030
1590436687709 0.013049894012510777 1040
1590436687860 0.013009341433644295 1050
1590436688013 0.01322100404649973 1060
1590436688159 0.012980606406927109 1070
1590436688316 0.01221027597784996 1080
1590436688464 0.012352220714092255 1090
1590436688609 0.013071699067950249 1100
1590436688744 0.012831424362957478 1110
1590436688884 0.01284257136285305 1120
1590436689027 0.012250344268977642 1130
1590436689175 0.011892171576619148 1140
1590436689317 0.012275367975234985 1150
1590436689461 0.012356467545032501 1160
1590436689609 0.012587319128215313 1170
1590436689755 0.012381145730614662 1180
1590436689906 0.011790626682341099 1190
1590436690144 0.011729673482477665 1200
1590436690293 0.012207948602735996 1210
1590436690443 0.012390030547976494 1220
1590436690592 0.011995829641819 1230
1590436690742 0.01232961192727089 1240
1590436690895 0.01204128097742796 1250
1590436691049 0.012138204649090767 1260
1590436691198 0.011878768913447857 1270
1590436691352 0.012100095860660076 1280
1590436691499 0.010892001911997795 1290
1590436691655 0.011449893936514854 1300
1590436691801 0.011379008181393147 1310
1590436691945 0.011550415307283401 1320
1590436692095 0.011586567386984825 1330
1590436692239 0.011487330310046673 1340
1590436692381 0.011546794325113297 1350
1590436692523 0.011572529561817646 1360
1590436692666 0.011439847759902477 1370
1590436692811 0.01200074516236782 1380
1590436692949 0.010873976163566113 1390
1590436693094 0.011348684318363667 1400
1590436693247 0.010614832863211632 1410
1590436693391 0.010702066123485565 1420
1590436693534 0.010911909863352776 1430
1590436693682 0.010731463320553303 1440
1590436693832 0.011105421930551529 1450
1590436693983 0.011057860217988491 1460
1590436694129 0.010147344321012497 1470
1590436694273 0.01048040296882391 1480
1590436694426 0.010652256198227406 1490
1590436694571 0.01059079822152853 1500
1590436694726 0.011335054412484169 1510
1590436694879 0.009964682161808014 1520
1590436695025 0.010474723763763905 1530
1590436695163 0.010474022477865219 1540
1590436695313 0.010410319082438946 1550
1590436695459 0.010237912647426128 1560
1590436695612 0.010457837954163551 1570
1590436695782 0.010326632298529148 1580
1590436695934 0.010066866874694824 1590
1590436696182 0.010003028437495232 1600
1590436696327 0.010850585997104645 1610
1590436696482 0.009849137626588345 1620
1590436696628 0.009726764634251595 1630
1590436696773 0.0100792171433568 1640
1590436696910 0.010462581180036068 1650
1590436697052 0.010178464464843273 1660
1590436697193 0.010157684795558453 1670
1590436697334 0.00935252383351326 1680
1590436697475 0.010417688637971878 1690
1590436697615 0.0095533961430192 1700
1590436697764 0.010330838151276112 1710
1590436697912 0.009991663508117199 1720
1590436698058 0.00976293720304966 1730
1590436698199 0.009313398040831089 1740
1590436698344 0.010017026215791702 1750
1590436698492 0.010063066147267818 1760
1590436698639 0.009709801524877548 1770
1590436698782 0.009521035477519035 1780
1590436698923 0.010094781406223774 1790
1590436699069 0.009497581981122494 1800
1590436699221 0.009068597108125687 1810
1590436699382 0.009538056328892708 1820
1590436699527 0.010360112413764 1830
1590436699667 0.00908840075135231 1840
1590436699808 0.00874175876379013 1850
1590436699948 0.009151609614491463 1860
1590436700108 0.009405886754393578 1870
1590436700264 0.010241794399917126 1880
1590436700410 0.009752677753567696 1890
1590436700561 0.00888440664857626 1900
1590436700701 0.009928523562848568 1910
1590436700849 0.009683596901595592 1920
1590436701012 0.009494428522884846 1930
1590436701171 0.009328880347311497 1940
1590436701334 0.009652573615312576 1950
1590436701499 0.0094621442258358 1960
1590436701659 0.009948253631591797 1970
1590436701819 0.009314346127212048 1980
1590436701976 0.009046146646142006 1990
1590436702213 0.00901917926967144 2000
1590436702360 0.00916520319879055 2010
1590436702509 0.009025712497532368 2020
1590436702661 0.009497007355093956 2030
1590436702818 0.0093377148732543 2040
1590436702966 0.008733916096389294 2050
1590436703113 0.008734810166060925 2060
1590436703284 0.009313645772635937 2070
1590436703445 0.008842621929943562 2080
1590436703601 0.008922996930778027 2090
1590436703751 0.008495177142322063 2100
1590436703895 0.009096656925976276 2110
1590436704045 0.00891905277967453 2120
1590436704190 0.009731194004416466 2130
1590436704345 0.009333765134215355 2140
1590436704488 0.009188282303512096 2150
1590436704634 0.008947212249040604 2160
1590436704783 0.008648221381008625 2170
1590436704933 0.008798901923000813 2180
1590436705086 0.008724837563931942 2190
1590436705231 0.008763366378843784 2200
1590436705377 0.008506253361701965 2210
1590436705519 0.008839694783091545 2220
1590436705672 0.009341133758425713 2230
1590436705826 0.008437415584921837 2240
1590436705980 0.008615982718765736 2250
1590436706140 0.008861876092851162 2260
1590436706288 0.009342013858258724 2270
1590436706442 0.008330393582582474 2280
1590436706585 0.008559366688132286 2290
1590436706730 0.009120484814047813 2300
1590436706876 0.008949099108576775 2310
1590436707013 0.008641490712761879 2320
1590436707160 0.008880515582859516 2330
1590436707311 0.00908366683870554 2340
1590436707461 0.008605479262769222 2350
1590436707608 0.008783633820712566 2360
1590436707751 0.00818174984306097 2370
1590436707892 0.008671206422150135 2380
1590436708048 0.008645199239253998 2390
1590436708276 0.008482871577143669 2400
1590436708434 0.008287690579891205 2410
1590436708585 0.008663034997880459 2420
1590436708732 0.00854535587131977 2430
1590436708881 0.008664733730256557 2440
1590436709019 0.008785699494183064 2450
1590436709166 0.00845284666866064 2460
1590436709307 0.009501333348453045 2470
1590436709452 0.008227684535086155 2480
1590436709592 0.008888378739356995 2490
1590436709735 0.00842257495969534 2500
1590436709876 0.008596392348408699 2510
1590436710013 0.007934032008051872 2520
1590436710153 0.008529066108167171 2530
1590436710295 0.008047882467508316 2540
1590436710434 0.007800377439707518 2550
1590436710575 0.009079103358089924 2560
1590436710716 0.008446159772574902 2570
1590436710857 0.00872061401605606 2580
1590436710998 0.008484781719744205 2590
1590436711152 0.008930759504437447 2600
1590436711298 0.008625373244285583 2610
1590436711444 0.008421245962381363 2620
1590436711588 0.008312290534377098 2630
1590436711731 0.00822301022708416 2640
1590436711883 0.00816284865140915 2650
1590436712029 0.008406632579863071 2660
1590436712173 0.00810862984508276 2670
1590436712317 0.007684885989874601 2680
1590436712463 0.0077216546051204205 2690
1590436712606 0.007888345047831535 2700
1590436712745 0.007826318964362144 2710
1590436712886 0.008062846027314663 2720
1590436713039 0.008051120676100254 2730
1590436713182 0.008248385041952133 2740
1590436713323 0.008451880887150764 2750
1590436713469 0.008101971819996834 2760
1590436713620 0.007676420267671347 2770
1590436713771 0.007948748767375946 2780
1590436713919 0.007928448729217052 2790
1590436714142 0.008346947841346264 2800
1590436714288 0.008388609625399113 2810
1590436714429 0.007828675210475922 2820
1590436714570 0.008086739107966423 2830
1590436714718 0.007540825288742781 2840
1590436714866 0.0077341049909591675 2850
1590436715019 0.008563817478716373 2860
1590436715172 0.008243092335760593 2870
1590436715326 0.007680146023631096 2880
1590436715472 0.008374202065169811 2890
1590436715631 0.008239541202783585 2900
1590436715781 0.007768453098833561 2910
1590436715934 0.008375277742743492 2920
1590436716095 0.008142858743667603 2930
1590436716245 0.007545500062406063 2940
1590436716397 0.007769646123051643 2950
1590436716548 0.008080877363681793 2960
1590436716695 0.008317387662827969 2970
1590436716843 0.008044839836657047 2980
1590436716997 0.008116460405290127 2990
1590436717146 0.007920990698039532 3000
1590436717295 0.007544477004557848 3010
1590436717442 0.007850326597690582 3020
1590436717595 0.008254311047494411 3030
1590436717745 0.007643819786608219 3040
1590436717903 0.007855381816625595 3050
1590436718052 0.007828222587704659 3060
1590436718203 0.008795351721346378 3070
1590436718352 0.007363853510469198 3080
1590436718504 0.007199254352599382 3090
1590436718653 0.00817118026316166 3100
1590436718810 0.007734476123005152 3110
1590436718973 0.008438268676400185 3120
1590436719134 0.008009156212210655 3130
1590436719303 0.007557876408100128 3140
1590436719462 0.007497020065784454 3150
1590436719630 0.007680349517613649 3160
1590436719797 0.007734857499599457 3170
1590436719961 0.00831510592252016 3180
1590436720117 0.007393991108983755 3190
1590436720353 0.008126094937324524 3200
1590436720501 0.007529444061219692 3210
1590436720652 0.007721700705587864 3220
1590436720801 0.007780310697853565 3230
1590436720950 0.0072595407254993916 3240
1590436721094 0.0074485535733401775 3250
1590436721244 0.007663337513804436 3260
1590436721387 0.007269463501870632 3270
1590436721528 0.006718032527714968 3280
1590436721671 0.007184483576565981 3290
1590436721811 0.007387789431959391 3300
1590436721960 0.008250110782682896 3310
1590436722100 0.008178658783435822 3320
1590436722245 0.008069722913205624 3330
1590436722390 0.007924824953079224 3340
1590436722550 0.007871407084167004 3350
1590436722695 0.007599787320941687 3360
1590436722842 0.00797752570360899 3370
1590436722994 0.007796239107847214 3380
1590436723142 0.0069461059756577015 3390
1590436723297 0.007982639595866203 3400
1590436723456 0.007480398286134005 3410
1590436723615 0.007238287944346666 3420
1590436723760 0.007463166024535894 3430
1590436723913 0.0077223884873092175 3440
1590436724060 0.007797610014677048 3450
1590436724208 0.006786906160414219 3460
1590436724348 0.008084330707788467 3470
1590436724493 0.008125461637973785 3480
1590436724631 0.0074915713630616665 3490
1590436724775 0.007027371786534786 3500
1590436724915 0.006976183503866196 3510
1590436725061 0.007886135019361973 3520
1590436725204 0.00739302346482873 3530
1590436725361 0.007328724954277277 3540
1590436725509 0.007554639130830765 3550
1590436725660 0.007306919898837805 3560
1590436725801 0.007703267969191074 3570
1590436725948 0.007296717260032892 3580
1590436726093 0.007516411133110523 3590
1590436726334 0.0074037062004208565 3600
1590436726480 0.007391881197690964 3610
1590436726629 0.007170355413109064 3620
1590436726772 0.00762898800894618 3630
1590436726928 0.007708931341767311 3640
1590436727078 0.007519111968576908 3650
1590436727225 0.007093655411154032 3660
1590436727370 0.007322012912482023 3670
1590436727520 0.007223628461360931 3680
1590436727667 0.007480623200535774 3690
1590436727819 0.008085357956588268 3700
1590436727973 0.007312915287911892 3710
1590436728123 0.007083050440996885 3720
1590436728278 0.007334982510656118 3730
1590436728425 0.007867909967899323 3740
1590436728580 0.007640808820724487 3750
1590436728717 0.007494249381124973 3760
1590436728860 0.006926269736140966 3770
1590436728999 0.007836324162781239 3780
1590436729144 0.007794731762260199 3790
1590436729289 0.007249101996421814 3800
1590436729442 0.0074558500200510025 3810
1590436729590 0.008016921579837799 3820
1590436729745 0.007451624143868685 3830
1590436729893 0.007215516176074743 3840
1590436730049 0.0074454136192798615 3850
1590436730195 0.007214793469756842 3860
1590436730350 0.008228139020502567 3870
1590436730497 0.007249277550727129 3880
1590436730649 0.0073749287985265255 3890
1590436730798 0.007895804941654205 3900
1590436730949 0.006924373563379049 3910
1590436731101 0.0073512825183570385 3920
1590436731253 0.007479570806026459 3930
1590436731404 0.006513961125165224 3940
1590436731553 0.0074978782795369625 3950
1590436731701 0.007038148585706949 3960
1590436731862 0.006665012799203396 3970
1590436732006 0.007109071593731642 3980
1590436732157 0.006871402263641357 3990
