1590435759806 0 0
1590435759999 0 10
1590435760156 0 20
1590435760309 0 30
1590435760471 0 40
1590435760631 0 50
1590435760792 0 60
1590435760951 0 70
1590435761112 0 80
1590435761271 0 90
1590435761424 0 100
1590435761579 0 110
1590435761736 0 120
1590435761882 0 130
1590435762036 0 140
1590435762193 0 150
1590435762357 0 160
1590435762520 0 170
1590435762680 0 180
1590435762853 0 190
1590435763005 0 200
1590435763164 0 210
1590435763316 0 220
1590435763467 0 230
1590435763648 0 240
1590435763806 0 250
1590435763970 0 260
1590435764140 0 270
1590435764292 0 280
1590435764450 0 290
1590435764608 0 300
1590435764771 0 310
1590435764932 0 320
1590435765093 0 330
1590435765255 0 340
1590435765416 0 350
1590435765577 0 360
1590435765738 0 370
1590435765900 0 380
1590435766059 0 390
1590435766298 1 400
1590435766444 1 410
1590435766601 1 420
1590435766758 1 430
1590435766908 1 440
1590435767067 1 450
1590435767227 1 460
1590435767389 1 470
1590435767546 1 480
1590435767699 1 490
1590435767860 1 500
1590435768026 1 510
1590435768183 1 520
1590435768341 1 530
1590435768493 1 540
1590435768646 1 550
1590435768796 1 560
1590435768949 1 570
1590435769103 1 580
1590435769260 1 590
1590435769412 1 600
1590435769560 1 610
1590435769718 1 620
1590435769871 1 630
1590435770023 1 640
1590435770176 1 650
1590435770324 1 660
1590435770474 1 670
1590435770624 1 680
1590435770774 1 690
1590435770925 1 700
1590435771077 1 710
1590435771226 1 720
1590435771378 1 730
1590435771528 1 740
1590435771679 1 750
1590435771830 1 760
1590435771981 1 770
1590435772132 1 780
1590435772284 1 790
1590435772502 2 800
1590435772646 2 810
1590435772794 2 820
1590435772942 2 830
1590435773087 2 840
1590435773235 2 850
1590435773383 2 860
1590435773527 2 870
1590435773671 2 880
1590435773817 2 890
1590435773962 2 900
1590435774112 2 910
1590435774262 2 920
1590435774407 2 930
1590435774558 2 940
1590435774702 2 950
1590435774857 2 960
1590435775006 2 970
1590435775151 2 980
1590435775298 2 990
1590435775446 2 1000
1590435775593 2 1010
1590435775741 2 1020
1590435775890 2 1030
1590435776041 2 1040
1590435776191 2 1050
1590435776343 2 1060
1590435776494 2 1070
1590435776644 2 1080
1590435776796 2 1090
1590435776947 2 1100
1590435777096 2 1110
1590435777242 2 1120
1590435777398 2 1130
1590435777551 2 1140
1590435777703 2 1150
1590435777864 2 1160
1590435778026 2 1170
1590435778184 2 1180
1590435778345 2 1190
1590435778586 3 1200
1590435778740 3 1210
1590435778890 3 1220
1590435779043 3 1230
1590435779187 3 1240
1590435779334 3 1250
1590435779478 3 1260
1590435779627 3 1270
1590435779775 3 1280
1590435779925 3 1290
1590435780075 3 1300
1590435780234 3 1310
1590435780387 3 1320
1590435780539 3 1330
1590435780696 3 1340
1590435780848 3 1350
1590435780996 3 1360
1590435781148 3 1370
1590435781307 3 1380
1590435781462 3 1390
1590435781625 3 1400
1590435781778 3 1410
1590435781926 3 1420
1590435782086 3 1430
1590435782246 3 1440
1590435782406 3 1450
1590435782566 3 1460
1590435782722 3 1470
1590435782870 3 1480
1590435783031 3 1490
1590435783192 3 1500
1590435783342 3 1510
1590435783493 3 1520
1590435783654 3 1530
1590435783815 3 1540
1590435783974 3 1550
1590435784133 3 1560
1590435784280 3 1570
1590435784436 3 1580
1590435784590 3 1590
1590435784819 4 1600
1590435784972 4 1610
1590435785123 4 1620
1590435785280 4 1630
1590435785438 4 1640
1590435785589 4 1650
1590435785747 4 1660
1590435785904 4 1670
1590435786062 4 1680
1590435786211 4 1690
1590435786358 4 1700
1590435786509 4 1710
1590435786661 4 1720
1590435786812 4 1730
1590435786966 4 1740
1590435787114 4 1750
1590435787264 4 1760
1590435787412 4 1770
1590435787559 4 1780
1590435787715 4 1790
1590435787861 4 1800
1590435788009 4 1810
1590435788158 4 1820
1590435788311 4 1830
1590435788464 4 1840
1590435788621 4 1850
1590435788767 4 1860
1590435788915 4 1870
1590435789065 4 1880
1590435789216 4 1890
1590435789365 4 1900
1590435789526 4 1910
1590435789688 4 1920
1590435789846 4 1930
1590435789991 4 1940
1590435790142 4 1950
1590435790292 4 1960
1590435790442 4 1970
1590435790594 4 1980
1590435790745 4 1990
1590435790975 5 2000
1590435791120 5 2010
1590435791268 5 2020
1590435791419 5 2030
1590435791577 5 2040
1590435791721 5 2050
1590435791870 5 2060
1590435792021 5 2070
1590435792181 5 2080
1590435792333 5 2090
1590435792484 5 2100
1590435792643 5 2110
1590435792793 5 2120
1590435792945 5 2130
1590435793097 5 2140
1590435793247 5 2150
1590435793399 5 2160
1590435793549 5 2170
1590435793710 5 2180
1590435793869 5 2190
1590435794026 5 2200
1590435794175 5 2210
1590435794324 5 2220
1590435794474 5 2230
1590435794625 5 2240
1590435794774 5 2250
1590435794920 5 2260
1590435795066 5 2270
1590435795217 5 2280
1590435795363 5 2290
1590435795510 5 2300
1590435795666 5 2310
1590435795819 5 2320
1590435795965 5 2330
1590435796119 5 2340
1590435796267 5 2350
1590435796426 5 2360
1590435796585 5 2370
1590435796746 5 2380
1590435796899 5 2390
1590435797134 6 2400
1590435797277 6 2410
1590435797433 6 2420
1590435797589 6 2430
1590435797741 6 2440
1590435797893 6 2450
1590435798050 6 2460
1590435798198 6 2470
1590435798353 6 2480
1590435798507 6 2490
1590435798656 6 2500
1590435798802 6 2510
1590435798956 6 2520
1590435799103 6 2530
1590435799250 6 2540
1590435799406 6 2550
1590435799560 6 2560
1590435799718 6 2570
1590435799871 6 2580
1590435800042 6 2590
1590435800197 6 2600
1590435800347 6 2610
1590435800507 6 2620
1590435800680 6 2630
1590435800865 6 2640
1590435801015 6 2650
1590435801167 6 2660
1590435801313 6 2670
1590435801465 6 2680
1590435801617 6 2690
1590435801778 6 2700
1590435801937 6 2710
1590435802090 6 2720
1590435802246 6 2730
1590435802403 6 2740
1590435802555 6 2750
1590435802704 6 2760
1590435802859 6 2770
1590435803004 6 2780
1590435803150 6 2790
1590435803381 7 2800
1590435803531 7 2810
1590435803683 7 2820
1590435803833 7 2830
1590435803984 7 2840
1590435804132 7 2850
1590435804284 7 2860
1590435804433 7 2870
1590435804580 7 2880
1590435804733 7 2890
1590435804888 7 2900
1590435805038 7 2910
1590435805194 7 2920
1590435805343 7 2930
1590435805494 7 2940
1590435805643 7 2950
1590435805801 7 2960
1590435805959 7 2970
1590435806108 7 2980
1590435806265 7 2990
1590435806426 7 3000
1590435806592 7 3010
1590435806750 7 3020
1590435806912 7 3030
1590435807073 7 3040
1590435807222 7 3050
1590435807373 7 3060
1590435807533 7 3070
1590435807695 7 3080
1590435807856 7 3090
1590435808014 7 3100
1590435808166 7 3110
1590435808315 7 3120
1590435808467 7 3130
1590435808621 7 3140
1590435808770 7 3150
1590435808922 7 3160
1590435809079 7 3170
1590435809232 7 3180
1590435809382 7 3190
1590435809611 8 3200
1590435809757 8 3210
1590435809905 8 3220
1590435810062 8 3230
1590435810221 8 3240
1590435810371 8 3250
1590435810521 8 3260
1590435810682 8 3270
1590435810832 8 3280
1590435810990 8 3290
1590435811148 8 3300
1590435811296 8 3310
1590435811451 8 3320
1590435811597 8 3330
1590435811754 8 3340
1590435811908 8 3350
1590435812058 8 3360
1590435812216 8 3370
1590435812370 8 3380
1590435812522 8 3390
1590435812682 8 3400
1590435812843 8 3410
1590435813001 8 3420
1590435813164 8 3430
1590435813326 8 3440
1590435813474 8 3450
1590435813625 8 3460
1590435813775 8 3470
1590435813926 8 3480
1590435814079 8 3490
1590435814231 8 3500
1590435814392 8 3510
1590435814552 8 3520
1590435814713 8 3530
1590435814868 8 3540
1590435815015 8 3550
1590435815169 8 3560
1590435815317 8 3570
1590435815464 8 3580
1590435815614 8 3590
1590435815840 9 3600
1590435815993 9 3610
1590435816140 9 3620
1590435816292 9 3630
1590435816440 9 3640
1590435816591 9 3650
1590435816742 9 3660
1590435816894 9 3670
1590435817046 9 3680
1590435817204 9 3690
1590435817357 9 3700
1590435817506 9 3710
1590435817658 9 3720
1590435817810 9 3730
1590435817959 9 3740
1590435818110 9 3750
1590435818262 9 3760
1590435818411 9 3770
1590435818561 9 3780
1590435818705 9 3790
1590435818853 9 3800
1590435819006 9 3810
1590435819157 9 3820
1590435819316 9 3830
1590435819478 9 3840
1590435819638 9 3850
1590435819801 9 3860
1590435819956 9 3870
1590435820103 9 3880
1590435820258 9 3890
1590435820404 9 3900
1590435820560 9 3910
1590435820706 9 3920
1590435820859 9 3930
1590435821008 9 3940
1590435821168 9 3950
1590435821328 9 3960
1590435821485 9 3970
1590435821641 9 3980
1590435821795 9 3990
