1590435759806 0.1297149509191513 0
1590435759999 0.11330512911081314 10
1590435760156 0.11032847315073013 20
1590435760309 0.11007001250982285 30
1590435760471 0.10677313804626465 40
1590435760631 0.10661346465349197 50
1590435760792 0.09906631708145142 60
1590435760951 0.08689302206039429 70
1590435761112 0.0792255774140358 80
1590435761271 0.07059686630964279 90
1590435761424 0.0679481253027916 100
1590435761579 0.060669492930173874 110
1590435761736 0.054990362375974655 120
1590435761882 0.05084531754255295 130
1590435762036 0.04778438061475754 140
1590435762193 0.045921143144369125 150
1590435762357 0.04216980189085007 160
1590435762520 0.03915074095129967 170
1590435762680 0.037660591304302216 180
1590435762853 0.039201509207487106 190
1590435763005 0.03592807054519653 200
1590435763164 0.034517548978328705 210
1590435763316 0.035418394953012466 220
1590435763467 0.033689431846141815 230
1590435763648 0.0337144136428833 240
1590435763806 0.033490609377622604 250
1590435763970 0.03125207871198654 260
1590435764140 0.03141478821635246 270
1590435764292 0.030936483293771744 280
1590435764450 0.030800435692071915 290
1590435764608 0.029492773115634918 300
1590435764771 0.02887045033276081 310
1590435764932 0.02932610549032688 320
1590435765093 0.02929072082042694 330
1590435765255 0.026903605088591576 340
1590435765416 0.027804318815469742 350
1590435765577 0.026621444150805473 360
1590435765738 0.026176728308200836 370
1590435765900 0.025808533653616905 380
1590435766059 0.024741174653172493 390
1590435766298 0.026130588725209236 400
1590435766444 0.024630842730402946 410
1590435766601 0.023994488641619682 420
1590435766758 0.02447499893605709 430
1590435766908 0.023140186443924904 440
1590435767067 0.023328682407736778 450
1590435767227 0.022396739572286606 460
1590435767389 0.02353912964463234 470
1590435767546 0.022574711591005325 480
1590435767699 0.02204705961048603 490
1590435767860 0.022206827998161316 500
1590435768026 0.022827820852398872 510
1590435768183 0.02217699959874153 520
1590435768341 0.02138540707528591 530
1590435768493 0.022106831893324852 540
1590435768646 0.02181353233754635 550
1590435768796 0.02083607017993927 560
1590435768949 0.021220192313194275 570
1590435769103 0.01987442933022976 580
1590435769260 0.020388487726449966 590
1590435769412 0.02064535766839981 600
1590435769560 0.020074794068932533 610
1590435769718 0.020629625767469406 620
1590435769871 0.019696656614542007 630
1590435770023 0.019507819786667824 640
1590435770176 0.020554129034280777 650
1590435770324 0.019774304702878 660
1590435770474 0.01956760324537754 670
1590435770624 0.019268568605184555 680
1590435770774 0.01916702650487423 690
1590435770925 0.01943204365670681 700
1590435771077 0.01901579648256302 710
1590435771226 0.017962822690606117 720
1590435771378 0.019173098728060722 730
1590435771528 0.01897549070417881 740
1590435771679 0.018142852932214737 750
1590435771830 0.016778212040662766 760
1590435771981 0.018380828201770782 770
1590435772132 0.01799154281616211 780
1590435772284 0.01785575971007347 790
1590435772502 0.018051426857709885 800
1590435772646 0.017556140199303627 810
1590435772794 0.01800636760890484 820
1590435772942 0.017703602090477943 830
1590435773087 0.016468973830342293 840
1590435773235 0.01683860458433628 850
1590435773383 0.017175355926156044 860
1590435773527 0.01782684400677681 870
1590435773671 0.015771159902215004 880
1590435773817 0.016413012519478798 890
1590435773962 0.016381889581680298 900
1590435774112 0.01597379706799984 910
1590435774262 0.01609576866030693 920
1590435774407 0.016437485814094543 930
1590435774558 0.016817675903439522 940
1590435774702 0.016445482149720192 950
1590435774857 0.016042280942201614 960
1590435775006 0.015554686076939106 970
1590435775151 0.016371047124266624 980
1590435775298 0.01612415723502636 990
1590435775446 0.015350914560258389 1000
1590435775593 0.016139404848217964 1010
1590435775741 0.016628120094537735 1020
1590435775890 0.015811439603567123 1030
1590435776041 0.015305792912840843 1040
1590435776191 0.016357021406292915 1050
1590435776343 0.015324942767620087 1060
1590435776494 0.01584283635020256 1070
1590435776644 0.015457971021533012 1080
1590435776796 0.015122916549444199 1090
1590435776947 0.015252633020281792 1100
1590435777096 0.01537355501204729 1110
1590435777242 0.01445874571800232 1120
1590435777398 0.015324106439948082 1130
1590435777551 0.015044605359435081 1140
1590435777703 0.015049203298985958 1150
1590435777864 0.013983774930238724 1160
1590435778026 0.014749737456440926 1170
1590435778184 0.013981196098029613 1180
1590435778345 0.014061403460800648 1190
1590435778586 0.014378713443875313 1200
1590435778740 0.013814621604979038 1210
1590435778890 0.013730352744460106 1220
1590435779043 0.013922801241278648 1230
1590435779187 0.014028074219822884 1240
1590435779334 0.014244526624679565 1250
1590435779478 0.014235230162739754 1260
1590435779627 0.013781562447547913 1270
1590435779775 0.013439328409731388 1280
1590435779925 0.013705147430300713 1290
1590435780075 0.01445874571800232 1300
1590435780234 0.013913529925048351 1310
1590435780387 0.013736105524003506 1320
1590435780539 0.0133924325928092 1330
1590435780696 0.01343895960599184 1340
1590435780848 0.013233928009867668 1350
1590435780996 0.013857272453606129 1360
1590435781148 0.014307756908237934 1370
1590435781307 0.013656901195645332 1380
1590435781462 0.013584159314632416 1390
1590435781625 0.013290251605212688 1400
1590435781778 0.012985032051801682 1410
1590435781926 0.013529052957892418 1420
1590435782086 0.013474198058247566 1430
1590435782246 0.012737289071083069 1440
1590435782406 0.013059118762612343 1450
1590435782566 0.0128488689661026 1460
1590435782722 0.01338967401534319 1470
1590435782870 0.011887462809681892 1480
1590435783031 0.012692109681665897 1490
1590435783192 0.012840662151575089 1500
1590435783342 0.012556865811347961 1510
1590435783493 0.013054262846708298 1520
1590435783654 0.012696618214249611 1530
1590435783815 0.012834717519581318 1540
1590435783974 0.012507131323218346 1550
1590435784133 0.012762226164340973 1560
1590435784280 0.012344257906079292 1570
1590435784436 0.012188230641186237 1580
1590435784590 0.012385586276650429 1590
1590435784819 0.012179848738014698 1600
1590435784972 0.01309830043464899 1610
1590435785123 0.01314470637589693 1620
1590435785280 0.012241796590387821 1630
1590435785438 0.012382538989186287 1640
1590435785589 0.012284106574952602 1650
1590435785747 0.011702843941748142 1660
1590435785904 0.011387276463210583 1670
1590435786062 0.012189477682113647 1680
1590435786211 0.012488597072660923 1690
1590435786358 0.011810570023953915 1700
1590435786509 0.011588160879909992 1710
1590435786661 0.011087074875831604 1720
1590435786812 0.011532464064657688 1730
1590435786966 0.0119574423879385 1740
1590435787114 0.01208474114537239 1750
1590435787264 0.011473716236650944 1760
1590435787412 0.012209177017211914 1770
1590435787559 0.011691203340888023 1780
1590435787715 0.012005044147372246 1790
1590435787861 0.011805186979472637 1800
1590435788009 0.012030370533466339 1810
1590435788158 0.012575731612741947 1820
1590435788311 0.011843524873256683 1830
1590435788464 0.011069182306528091 1840
1590435788621 0.011569167487323284 1850
1590435788767 0.011754736304283142 1860
1590435788915 0.011295520700514317 1870
1590435789065 0.011917045339941978 1880
1590435789216 0.01095468271523714 1890
1590435789365 0.010573976673185825 1900
1590435789526 0.011577458120882511 1910
1590435789688 0.010723707266151905 1920
1590435789846 0.012099196203052998 1930
1590435789991 0.011443308554589748 1940
1590435790142 0.010818159207701683 1950
1590435790292 0.011354511603713036 1960
1590435790442 0.01055634394288063 1970
1590435790594 0.01149330660700798 1980
1590435790745 0.010935228317975998 1990
1590435790975 0.011023997329175472 2000
1590435791120 0.010526822879910469 2010
1590435791268 0.01084021758288145 2020
1590435791419 0.010666689835488796 2030
1590435791577 0.010962198488414288 2040
1590435791721 0.010744358412921429 2050
1590435791870 0.010912442579865456 2060
1590435792021 0.011237331666052341 2070
1590435792181 0.010708041489124298 2080
1590435792333 0.011305108666419983 2090
1590435792484 0.011802363209426403 2100
1590435792643 0.010447343811392784 2110
1590435792793 0.010810221545398235 2120
1590435792945 0.010861634276807308 2130
1590435793097 0.011049924418330193 2140
1590435793247 0.01061253622174263 2150
1590435793399 0.010188421234488487 2160
1590435793549 0.010685362853109837 2170
1590435793710 0.01075125765055418 2180
1590435793869 0.0107748256996274 2190
1590435794026 0.010493879206478596 2200
1590435794175 0.010277291759848595 2210
1590435794324 0.010106632485985756 2220
1590435794474 0.010466235689818859 2230
1590435794625 0.010224304161965847 2240
1590435794774 0.010736946947872639 2250
1590435794920 0.010641644708812237 2260
1590435795066 0.009925095364451408 2270
1590435795217 0.009784290567040443 2280
1590435795363 0.010519751347601414 2290
1590435795510 0.010167304426431656 2300
1590435795666 0.009943178854882717 2310
1590435795819 0.01025236677378416 2320
1590435795965 0.010282650589942932 2330
1590435796119 0.010338802821934223 2340
1590435796267 0.01015410665422678 2350
1590435796426 0.010139651596546173 2360
1590435796585 0.010049726814031601 2370
1590435796746 0.010138751938939095 2380
1590435796899 0.009681638330221176 2390
1590435797134 0.009749666787683964 2400
1590435797277 0.010189619846642017 2410
1590435797433 0.010366426780819893 2420
1590435797589 0.009784569963812828 2430
1590435797741 0.01007622666656971 2440
1590435797893 0.009732527658343315 2450
1590435798050 0.010063243098556995 2460
1590435798198 0.01001383364200592 2470
1590435798353 0.00968756340444088 2480
1590435798507 0.010194875299930573 2490
1590435798656 0.0097243282943964 2500
1590435798802 0.010270982049405575 2510
1590435798956 0.010162262246012688 2520
1590435799103 0.009599816985428333 2530
1590435799250 0.00974823348224163 2540
1590435799406 0.009952869266271591 2550
1590435799560 0.01057790033519268 2560
1590435799718 0.009972088038921356 2570
1590435799871 0.009747459553182125 2580
1590435800042 0.009589566849172115 2590
1590435800197 0.00934506393969059 2600
1590435800347 0.009916841052472591 2610
1590435800507 0.00969592947512865 2620
1590435800680 0.00907722394913435 2630
1590435800865 0.010272659361362457 2640
1590435801015 0.009784703142940998 2650
1590435801167 0.009806767106056213 2660
1590435801313 0.00967715959995985 2670
1590435801465 0.00941387191414833 2680
1590435801617 0.009102734737098217 2690
1590435801778 0.009986543096601963 2700
1590435801937 0.009920292533934116 2710
1590435802090 0.009482950903475285 2720
1590435802246 0.00901578925549984 2730
1590435802403 0.009140491485595703 2740
1590435802555 0.00979231670498848 2750
1590435802704 0.009422301314771175 2760
1590435802859 0.009271691553294659 2770
1590435803004 0.009709371253848076 2780
1590435803150 0.00963358860462904 2790
1590435803381 0.009503253735601902 2800
1590435803531 0.00925229862332344 2810
1590435803683 0.009716793894767761 2820
1590435803833 0.009716209024190903 2830
1590435803984 0.009361197240650654 2840
1590435804132 0.009104949422180653 2850
1590435804284 0.009373468346893787 2860
1590435804433 0.009343406185507774 2870
1590435804580 0.008851396851241589 2880
1590435804733 0.009327786043286324 2890
1590435804888 0.009361466392874718 2900
1590435805038 0.009537547826766968 2910
1590435805194 0.009334579110145569 2920
1590435805343 0.009235134348273277 2930
1590435805494 0.009510093368589878 2940
1590435805643 0.009275662712752819 2950
1590435805801 0.009593099355697632 2960
1590435805959 0.00922979973256588 2970
1590435806108 0.009261831641197205 2980
1590435806265 0.009655002504587173 2990
1590435806426 0.008730370551347733 3000
1590435806592 0.009966854006052017 3010
1590435806750 0.009150215424597263 3020
1590435806912 0.009180381894111633 3030
1590435807073 0.009211478754878044 3040
1590435807222 0.009474948048591614 3050
1590435807373 0.009048706851899624 3060
1590435807533 0.0089236656203866 3070
1590435807695 0.008683993481099606 3080
1590435807856 0.008908070623874664 3090
1590435808014 0.009157967753708363 3100
1590435808166 0.008691992610692978 3110
1590435808315 0.009030979126691818 3120
1590435808467 0.008929125033318996 3130
1590435808621 0.008854740299284458 3140
1590435808770 0.009526137262582779 3150
1590435808922 0.008676902391016483 3160
1590435809079 0.00897358637303114 3170
1590435809232 0.009111078456044197 3180
1590435809382 0.008718985132873058 3190
1590435809611 0.009549948386847973 3200
1590435809757 0.008569694124162197 3210
1590435809905 0.008980121463537216 3220
1590435810062 0.00902760960161686 3230
1590435810221 0.008783445693552494 3240
1590435810371 0.008511655032634735 3250
1590435810521 0.008679416961967945 3260
1590435810682 0.00944446586072445 3270
1590435810832 0.009255465120077133 3280
1590435810990 0.00859125331044197 3290
1590435811148 0.009028706699609756 3300
1590435811296 0.009187189862132072 3310
1590435811451 0.009249367751181126 3320
1590435811597 0.009123198688030243 3330
1590435811754 0.008884227834641933 3340
1590435811908 0.008849604986608028 3350
1590435812058 0.008614808320999146 3360
1590435812216 0.00916194822639227 3370
1590435812370 0.00851748138666153 3380
1590435812522 0.008828544989228249 3390
1590435812682 0.008340041153132915 3400
1590435812843 0.00837809406220913 3410
1590435813001 0.008647171780467033 3420
1590435813164 0.00800002459436655 3430
1590435813326 0.008689447306096554 3440
1590435813474 0.008623562753200531 3450
1590435813625 0.008881052024662495 3460
1590435813775 0.008791309781372547 3470
1590435813926 0.009030735120177269 3480
1590435814079 0.008285190910100937 3490
1590435814231 0.008136015385389328 3500
1590435814392 0.009031945839524269 3510
1590435814552 0.007967617362737656 3520
1590435814713 0.008711042813956738 3530
1590435814868 0.008449077606201172 3540
1590435815015 0.008561902679502964 3550
1590435815169 0.008804822340607643 3560
1590435815317 0.008132022805511951 3570
1590435815464 0.008592679165303707 3580
1590435815614 0.009400797076523304 3590
1590435815840 0.00857365969568491 3600
1590435815993 0.008531206287443638 3610
1590435816140 0.008913851343095303 3620
1590435816292 0.008394706062972546 3630
1590435816440 0.00866605807095766 3640
1590435816591 0.009003663435578346 3650
1590435816742 0.008699463680386543 3660
1590435816894 0.008893843740224838 3670
1590435817046 0.008501828648149967 3680
1590435817204 0.008086680434644222 3690
1590435817357 0.008623668923974037 3700
1590435817506 0.008437315933406353 3710
1590435817658 0.008664865978062153 3720
1590435817810 0.008407997898757458 3730
1590435817959 0.008122437633574009 3740
1590435818110 0.007983542047441006 3750
1590435818262 0.00793168880045414 3760
1590435818411 0.008558508940041065 3770
1590435818561 0.00819187331944704 3780
1590435818705 0.008491783402860165 3790
1590435818853 0.008183034136891365 3800
1590435819006 0.0083708381280303 3810
1590435819157 0.008045749738812447 3820
1590435819316 0.008002038113772869 3830
1590435819478 0.007967524230480194 3840
1590435819638 0.008194118738174438 3850
1590435819801 0.008759807795286179 3860
1590435819956 0.008253655396401882 3870
1590435820103 0.008000803180038929 3880
1590435820258 0.00870786514133215 3890
1590435820404 0.008571615442633629 3900
1590435820560 0.008616662584245205 3910
1590435820706 0.008299831300973892 3920
1590435820859 0.008510029874742031 3930
1590435821008 0.008269217796623707 3940
1590435821168 0.008402768522500992 3950
1590435821328 0.008976167999207973 3960
1590435821485 0.007973162457346916 3970
1590435821641 0.008029630407691002 3980
1590435821795 0.008525338023900986 3990
