1590434242635 0 0
1590434242798 0 10
1590434242945 0 20
1590434243093 0 30
1590434243246 0 40
1590434243396 0 50
1590434243530 0 60
1590434243670 0 70
1590434243811 0 80
1590434243950 0 90
1590434244091 0 100
1590434244231 0 110
1590434244393 0 120
1590434244536 0 130
1590434244706 0 140
1590434244904 0 150
1590434245064 0 160
1590434245208 0 170
1590434245353 0 180
1590434245501 0 190
1590434245645 0 200
1590434245790 0 210
1590434245936 0 220
1590434246080 0 230
1590434246221 0 240
1590434246372 0 250
1590434246531 0 260
1590434246680 0 270
1590434246834 0 280
1590434246997 0 290
1590434247143 0 300
1590434247285 0 310
1590434247428 0 320
1590434247582 0 330
1590434247728 0 340
1590434247880 0 350
1590434248035 0 360
1590434248180 0 370
1590434248321 0 380
1590434248462 0 390
1590434248682 1 400
1590434248823 1 410
1590434248964 1 420
1590434249113 1 430
1590434249263 1 440
1590434249414 1 450
1590434249564 1 460
1590434249712 1 470
1590434249868 1 480
1590434250010 1 490
1590434250156 1 500
1590434250292 1 510
1590434250434 1 520
1590434250576 1 530
1590434250715 1 540
1590434250855 1 550
1590434250997 1 560
1590434251138 1 570
1590434251280 1 580
1590434251424 1 590
1590434251570 1 600
1590434251719 1 610
1590434251866 1 620
1590434252014 1 630
1590434252161 1 640
1590434252302 1 650
1590434252445 1 660
1590434252588 1 670
1590434252726 1 680
1590434252867 1 690
1590434253017 1 700
1590434253159 1 710
1590434253300 1 720
1590434253437 1 730
1590434253578 1 740
1590434253719 1 750
1590434253857 1 760
1590434253991 1 770
1590434254133 1 780
1590434254274 1 790
1590434254507 2 800
1590434254646 2 810
1590434254784 2 820
1590434254927 2 830
1590434255065 2 840
1590434255208 2 850
1590434255351 2 860
1590434255493 2 870
1590434255638 2 880
1590434255785 2 890
1590434255937 2 900
1590434256082 2 910
1590434256231 2 920
1590434256383 2 930
1590434256528 2 940
1590434256680 2 950
1590434256831 2 960
1590434256975 2 970
1590434257118 2 980
1590434257271 2 990
1590434257421 2 1000
1590434257562 2 1010
1590434257703 2 1020
1590434257849 2 1030
1590434257984 2 1040
1590434258129 2 1050
1590434258266 2 1060
1590434258407 2 1070
1590434258547 2 1080
1590434258688 2 1090
1590434258834 2 1100
1590434258978 2 1110
1590434259132 2 1120
1590434259279 2 1130
1590434259420 2 1140
1590434259560 2 1150
1590434259705 2 1160
1590434259864 2 1170
1590434260026 2 1180
1590434260186 2 1190
