1590434242635 0.2534516453742981 0
1590434242798 0.13235585391521454 10
1590434242945 0.11368610709905624 20
1590434243093 0.11140243709087372 30
1590434243246 0.11095736175775528 40
1590434243396 0.11254926025867462 50
1590434243530 0.10702915489673615 60
1590434243670 0.11027791351079941 70
1590434243811 0.11647007614374161 80
1590434243950 0.11053955554962158 90
1590434244091 0.10911473631858826 100
1590434244231 0.10954087972640991 110
1590434244393 0.10968740284442902 120
1590434244536 0.10845515131950378 130
1590434244706 0.10012474656105042 140
1590434244904 0.09533670544624329 150
1590434245064 0.09688623994588852 160
1590434245208 0.08808117359876633 170
1590434245353 0.08279017359018326 180
1590434245501 0.07866334170103073 190
1590434245645 0.06882140785455704 200
1590434245790 0.06944622844457626 210
1590434245936 0.0645763948559761 220
1590434246080 0.05761439725756645 230
1590434246221 0.05891411006450653 240
1590434246372 0.05544376000761986 250
1590434246531 0.05260617658495903 260
1590434246680 0.05084846168756485 270
1590434246834 0.04790619760751724 280
1590434246997 0.046224385499954224 290
1590434247143 0.045412369072437286 300
1590434247285 0.04436754807829857 310
1590434247428 0.0438239760696888 320
1590434247582 0.040486156940460205 330
1590434247728 0.03934101387858391 340
1590434247880 0.03878209367394447 350
1590434248035 0.039560504257678986 360
1590434248180 0.03897365182638168 370
1590434248321 0.03659531846642494 380
1590434248462 0.03599536791443825 390
1590434248682 0.034412212669849396 400
1590434248823 0.035263799130916595 410
1590434248964 0.03316974639892578 420
1590434249113 0.033067021518945694 430
1590434249263 0.032034631818532944 440
1590434249414 0.0320061631500721 450
1590434249564 0.03110978566110134 460
1590434249712 0.03079925663769245 470
1590434249868 0.030428098514676094 480
1590434250010 0.029684636741876602 490
1590434250156 0.028876636177301407 500
1590434250292 0.028434468433260918 510
1590434250434 0.0271132979542017 520
1590434250576 0.027141233906149864 530
1590434250715 0.026727553457021713 540
1590434250855 0.02798033505678177 550
1590434250997 0.025308899581432343 560
1590434251138 0.025274770334362984 570
1590434251280 0.025460822507739067 580
1590434251424 0.027111880481243134 590
1590434251570 0.025174198672175407 600
1590434251719 0.023589424788951874 610
1590434251866 0.024993309751152992 620
1590434252014 0.02407795935869217 630
1590434252161 0.02335972711443901 640
1590434252302 0.022574536502361298 650
1590434252445 0.02332702837884426 660
1590434252588 0.021970847621560097 670
1590434252726 0.022441785782575607 680
1590434252867 0.022254347801208496 690
1590434253017 0.02212860807776451 700
1590434253159 0.022162852808833122 710
1590434253300 0.021770285442471504 720
1590434253437 0.019466755911707878 730
1590434253578 0.021673763170838356 740
1590434253719 0.019481567665934563 750
1590434253857 0.023049062117934227 760
1590434253991 0.021221844479441643 770
1590434254133 0.021188022568821907 780
1590434254274 0.019797300919890404 790
1590434254507 0.019642522558569908 800
1590434254646 0.01969088986515999 810
1590434254784 0.01873953640460968 820
1590434254927 0.019282151013612747 830
1590434255065 0.01956074684858322 840
1590434255208 0.018725575879216194 850
1590434255351 0.019767211750149727 860
1590434255493 0.019254907965660095 870
1590434255638 0.01915617473423481 880
1590434255785 0.01872158981859684 890
1590434255937 0.018006084486842155 900
1590434256082 0.01843033917248249 910
1590434256231 0.018892282620072365 920
1590434256383 0.017718341201543808 930
1590434256528 0.0185367614030838 940
1590434256680 0.017255835235118866 950
1590434256831 0.017190735787153244 960
1590434256975 0.01693744584918022 970
1590434257118 0.017593760043382645 980
1590434257271 0.017653867602348328 990
1590434257421 0.016915636137127876 1000
1590434257562 0.017189189791679382 1010
1590434257703 0.01797010377049446 1020
1590434257849 0.017516011372208595 1030
1590434257984 0.017578179016709328 1040
1590434258129 0.017273379489779472 1050
1590434258266 0.017109226435422897 1060
1590434258407 0.0159588810056448 1070
1590434258547 0.01662939414381981 1080
1590434258688 0.016477031633257866 1090
1590434258834 0.015871945768594742 1100
1590434258978 0.015885407105088234 1110
1590434259132 0.01658632978796959 1120
1590434259279 0.016342192888259888 1130
1590434259420 0.01575765572488308 1140
1590434259560 0.016170967370271683 1150
1590434259705 0.015702709555625916 1160
1590434259864 0.015053391456604004 1170
1590434260026 0.015650196000933647 1180
1590434260186 0.015763018280267715 1190
