1590434443081 0 0
1590434443238 0 10
1590434443385 0 20
1590434443529 0 30
1590434443675 0 40
1590434443822 0 50
1590434443969 0 60
1590434444120 0 70
1590434444271 0 80
1590434444423 0 90
1590434444570 0 100
1590434444724 0 110
1590434444871 0 120
1590434445027 0 130
1590434445181 0 140
1590434445328 0 150
1590434445475 0 160
1590434445619 0 170
1590434445770 0 180
1590434445916 0 190
1590434446064 0 200
1590434446212 0 210
1590434446355 0 220
1590434446496 0 230
1590434446637 0 240
1590434446779 0 250
1590434446943 0 260
1590434447101 0 270
1590434447259 0 280
1590434447416 0 290
1590434447570 0 300
1590434447759 0 310
1590434447963 0 320
1590434448119 0 330
1590434448267 0 340
1590434448426 0 350
1590434448616 0 360
1590434448760 0 370
1590434448903 0 380
1590434449050 0 390
1590434449281 1 400
1590434449429 1 410
1590434449585 1 420
1590434449735 1 430
1590434449875 1 440
1590434450023 1 450
1590434450167 1 460
1590434450315 1 470
1590434450465 1 480
1590434450608 1 490
1590434450748 1 500
1590434450890 1 510
1590434451035 1 520
1590434451178 1 530
1590434451324 1 540
1590434451471 1 550
1590434451619 1 560
1590434451760 1 570
1590434451914 1 580
1590434452069 1 590
1590434452226 1 600
1590434452391 1 610
1590434452539 1 620
1590434452681 1 630
1590434452826 1 640
1590434452969 1 650
1590434453112 1 660
1590434453254 1 670
1590434453397 1 680
1590434453537 1 690
1590434453679 1 700
1590434453818 1 710
1590434453960 1 720
1590434454100 1 730
1590434454241 1 740
1590434454400 1 750
1590434454551 1 760
1590434454695 1 770
1590434454842 1 780
1590434454984 1 790
1590434455215 2 800
1590434455356 2 810
1590434455497 2 820
1590434455647 2 830
1590434455791 2 840
1590434455939 2 850
1590434456090 2 860
1590434456249 2 870
1590434456391 2 880
1590434456535 2 890
1590434456683 2 900
1590434456836 2 910
1590434456986 2 920
1590434457130 2 930
1590434457277 2 940
1590434457439 2 950
1590434457596 2 960
1590434457750 2 970
1590434457918 2 980
1590434458067 2 990
1590434458219 2 1000
1590434458362 2 1010
1590434458506 2 1020
1590434458656 2 1030
1590434458807 2 1040
1590434458967 2 1050
1590434459121 2 1060
1590434459267 2 1070
1590434459428 2 1080
1590434459577 2 1090
1590434459724 2 1100
1590434459869 2 1110
1590434460022 2 1120
1590434460171 2 1130
1590434460324 2 1140
1590434460465 2 1150
1590434460613 2 1160
1590434460767 2 1170
1590434460918 2 1180
1590434461060 2 1190
