1590434443081 0.14012551307678223 0
1590434443238 0.11206747591495514 10
1590434443385 0.11148610711097717 20
1590434443529 0.11074110865592957 30
1590434443675 0.11240442842245102 40
1590434443822 0.10446406155824661 50
1590434443969 0.09738186001777649 60
1590434444120 0.09129587560892105 70
1590434444271 0.08194708079099655 80
1590434444423 0.07637466490268707 90
1590434444570 0.07204566150903702 100
1590434444724 0.06890632957220078 110
1590434444871 0.0646774098277092 120
1590434445027 0.05942052975296974 130
1590434445181 0.056136563420295715 140
1590434445328 0.05269351974129677 150
1590434445475 0.04992592707276344 160
1590434445619 0.04627854377031326 170
1590434445770 0.044847819954156876 180
1590434445916 0.042707864195108414 190
1590434446064 0.04118872061371803 200
1590434446212 0.040377017110586166 210
1590434446355 0.03813474252820015 220
1590434446496 0.037079740315675735 230
1590434446637 0.037452828139066696 240
1590434446779 0.034737326204776764 250
1590434446943 0.03493258357048035 260
1590434447101 0.03529991954565048 270
1590434447259 0.03337559849023819 280
1590434447416 0.03325662016868591 290
1590434447570 0.03164982795715332 300
1590434447759 0.030573833733797073 310
1590434447963 0.03077782690525055 320
1590434448119 0.029323343187570572 330
1590434448267 0.029306752607226372 340
1590434448426 0.029466191306710243 350
1590434448616 0.027090057730674744 360
1590434448760 0.027608763426542282 370
1590434448903 0.027070943266153336 380
1590434449050 0.02823507972061634 390
1590434449281 0.027345063164830208 400
1590434449429 0.026000292971730232 410
1590434449585 0.0259054284542799 420
1590434449735 0.025225399062037468 430
1590434449875 0.025267092511057854 440
1590434450023 0.024530183523893356 450
1590434450167 0.023268776014447212 460
1590434450315 0.023600392043590546 470
1590434450465 0.023259684443473816 480
1590434450608 0.02371007762849331 490
1590434450748 0.023511750623583794 500
1590434450890 0.023607242852449417 510
1590434451035 0.023220816627144814 520
1590434451178 0.02356702834367752 530
1590434451324 0.02322731912136078 540
1590434451471 0.021560410037636757 550
1590434451619 0.022610196843743324 560
1590434451760 0.022037003189325333 570
1590434451914 0.021467242389917374 580
1590434452069 0.02219817414879799 590
1590434452226 0.02109343744814396 600
1590434452391 0.021679233759641647 610
1590434452539 0.02087526209652424 620
1590434452681 0.02125677838921547 630
1590434452826 0.02197810262441635 640
1590434452969 0.02092312090098858 650
1590434453112 0.02151028998196125 660
1590434453254 0.021222654730081558 670
1590434453397 0.020279105752706528 680
1590434453537 0.01956295594573021 690
1590434453679 0.019581938162446022 700
1590434453818 0.01890065334737301 710
1590434453960 0.019956201314926147 720
1590434454100 0.019404204562306404 730
1590434454241 0.01915702223777771 740
1590434454400 0.019394526258111 750
1590434454551 0.018900150433182716 760
1590434454695 0.019853971898555756 770
1590434454842 0.018947701901197433 780
1590434454984 0.018403364345431328 790
1590434455215 0.018130557611584663 800
1590434455356 0.018640099093317986 810
1590434455497 0.019178975373506546 820
1590434455647 0.018727626651525497 830
1590434455791 0.017751073464751244 840
1590434455939 0.01773647964000702 850
1590434456090 0.01770923286676407 860
1590434456249 0.017855273559689522 870
1590434456391 0.01741471141576767 880
1590434456535 0.017423033714294434 890
1590434456683 0.0172211192548275 900
1590434456836 0.01793246902525425 910
1590434456986 0.01719721220433712 920
1590434457130 0.01696978323161602 930
1590434457277 0.018186209723353386 940
1590434457439 0.01703641563653946 950
1590434457596 0.017351185902953148 960
1590434457750 0.01804172433912754 970
1590434457918 0.01648866944015026 980
1590434458067 0.01659202203154564 990
1590434458219 0.015871573239564896 1000
1590434458362 0.01604161225259304 1010
1590434458506 0.015888908877968788 1020
1590434458656 0.016947396099567413 1030
1590434458807 0.01641950197517872 1040
1590434458967 0.016582896932959557 1050
1590434459121 0.015890341252088547 1060
1590434459267 0.016657361760735512 1070
1590434459428 0.015683820471167564 1080
1590434459577 0.01670590043067932 1090
1590434459724 0.015865109860897064 1100
1590434459869 0.01676527038216591 1110
1590434460022 0.016529297456145287 1120
1590434460171 0.016500726342201233 1130
1590434460324 0.01621597819030285 1140
1590434460465 0.015770340338349342 1150
1590434460613 0.014909178949892521 1160
1590434460767 0.01613159291446209 1170
1590434460918 0.014676138758659363 1180
1590434461060 0.015442904084920883 1190
