1590434019488 0 0
1590434019665 0 10
1590434019817 0 20
1590434019985 0 30
1590434020128 0 40
1590434020284 0 50
1590434020461 0 60
1590434020653 0 70
1590434020817 0 80
1590434020975 0 90
1590434021136 0 100
1590434021292 0 110
1590434021435 0 120
1590434021577 0 130
1590434021722 0 140
1590434021876 0 150
1590434022024 0 160
1590434022168 0 170
1590434022306 0 180
1590434022450 0 190
1590434022592 0 200
1590434022736 0 210
1590434022877 0 220
1590434023019 0 230
1590434023171 0 240
1590434023328 0 250
1590434023473 0 260
1590434023613 0 270
1590434023751 0 280
1590434023910 0 290
1590434024063 0 300
1590434024203 0 310
1590434024343 0 320
1590434024493 0 330
1590434024634 0 340
1590434024777 0 350
1590434024917 0 360
1590434025058 0 370
1590434025201 0 380
1590434025350 0 390
1590434025567 1 400
1590434025712 1 410
1590434025858 1 420
1590434026001 1 430
1590434026144 1 440
1590434026285 1 450
1590434026433 1 460
1590434026586 1 470
1590434026741 1 480
1590434026878 1 490
1590434027018 1 500
1590434027163 1 510
1590434027309 1 520
1590434027451 1 530
1590434027594 1 540
1590434027735 1 550
1590434027884 1 560
1590434028030 1 570
1590434028179 1 580
1590434028325 1 590
1590434028476 1 600
1590434028623 1 610
1590434028774 1 620
1590434028921 1 630
1590434029077 1 640
1590434029224 1 650
1590434029373 1 660
1590434029508 1 670
1590434029643 1 680
1590434029784 1 690
1590434029924 1 700
1590434030074 1 710
1590434030226 1 720
1590434030375 1 730
1590434030526 1 740
1590434030670 1 750
1590434030809 1 760
1590434030951 1 770
1590434031110 1 780
1590434031267 1 790
1590434031493 2 800
1590434031654 2 810
1590434031813 2 820
1590434031976 2 830
1590434032138 2 840
1590434032276 2 850
1590434032416 2 860
1590434032558 2 870
1590434032710 2 880
1590434032859 2 890
1590434033016 2 900
1590434033163 2 910
1590434033318 2 920
1590434033464 2 930
1590434033615 2 940
1590434033762 2 950
1590434033919 2 960
1590434034066 2 970
1590434034224 2 980
1590434034375 2 990
1590434034528 2 1000
1590434034680 2 1010
1590434034830 2 1020
1590434034985 2 1030
1590434035135 2 1040
1590434035287 2 1050
1590434035432 2 1060
1590434035575 2 1070
1590434035716 2 1080
1590434035857 2 1090
1590434035998 2 1100
1590434036146 2 1110
1590434036288 2 1120
1590434036429 2 1130
1590434036574 2 1140
1590434036715 2 1150
1590434036856 2 1160
1590434036993 2 1170
1590434037133 2 1180
1590434037273 2 1190
