1590434019488 0.1663903146982193 0
1590434019665 0.11375226825475693 10
1590434019817 0.10733215510845184 20
1590434019985 0.10883922874927521 30
1590434020128 0.10506759583950043 40
1590434020284 0.10481081157922745 50
1590434020461 0.10346876084804535 60
1590434020653 0.09407270699739456 70
1590434020817 0.09118200838565826 80
1590434020975 0.0831158459186554 90
1590434021136 0.07881445437669754 100
1590434021292 0.07296323031187057 110
1590434021435 0.06744322180747986 120
1590434021577 0.06806730479001999 130
1590434021722 0.06091347709298134 140
1590434021876 0.06079130992293358 150
1590434022024 0.056426264345645905 160
1590434022168 0.052165284752845764 170
1590434022306 0.05030040070414543 180
1590434022450 0.04810403287410736 190
1590434022592 0.04642283171415329 200
1590434022736 0.04275716096162796 210
1590434022877 0.03962008282542229 220
1590434023019 0.038926973938941956 230
1590434023171 0.03692340850830078 240
1590434023328 0.034808263182640076 250
1590434023473 0.035124678164720535 260
1590434023613 0.03482628986239433 270
1590434023751 0.033592674881219864 280
1590434023910 0.03278183564543724 290
1590434024063 0.03164508193731308 300
1590434024203 0.03167190030217171 310
1590434024343 0.028771843761205673 320
1590434024493 0.02942199818789959 330
1590434024634 0.027691097930073738 340
1590434024777 0.0280693881213665 350
1590434024917 0.0279628224670887 360
1590434025058 0.027769388630986214 370
1590434025201 0.027573926374316216 380
1590434025350 0.02695501409471035 390
1590434025567 0.025992121547460556 400
1590434025712 0.02551695518195629 410
1590434025858 0.024056952446699142 420
1590434026001 0.02406635880470276 430
1590434026144 0.02468116767704487 440
1590434026285 0.024010859429836273 450
1590434026433 0.023596590384840965 460
1590434026586 0.02482769638299942 470
1590434026741 0.0232516061514616 480
1590434026878 0.02246139943599701 490
1590434027018 0.021810010075569153 500
1590434027163 0.021805208176374435 510
1590434027309 0.02164170891046524 520
1590434027451 0.02166563645005226 530
1590434027594 0.021189795807003975 540
1590434027735 0.0222298763692379 550
1590434027884 0.021390486508607864 560
1590434028030 0.02122737653553486 570
1590434028179 0.02172173000872135 580
1590434028325 0.020442355424165726 590
1590434028476 0.020655954256653786 600
1590434028623 0.019833508878946304 610
1590434028774 0.020260116085410118 620
1590434028921 0.020459063351154327 630
1590434029077 0.01962709240615368 640
1590434029224 0.020124070346355438 650
1590434029373 0.019319426268339157 660
1590434029508 0.020194901153445244 670
1590434029643 0.018150784075260162 680
1590434029784 0.018419045954942703 690
1590434029924 0.018676873296499252 700
1590434030074 0.018777936697006226 710
1590434030226 0.017402077093720436 720
1590434030375 0.017813755199313164 730
1590434030526 0.01810157112777233 740
1590434030670 0.01828152686357498 750
1590434030809 0.018070945516228676 760
1590434030951 0.01871376484632492 770
1590434031110 0.017093611881136894 780
1590434031267 0.016232997179031372 790
1590434031493 0.01756748929619789 800
1590434031654 0.01743975281715393 810
1590434031813 0.017743727192282677 820
1590434031976 0.016486067324876785 830
1590434032138 0.0167243629693985 840
1590434032276 0.016219403594732285 850
1590434032416 0.01676761917769909 860
1590434032558 0.01622665300965309 870
1590434032710 0.01613188534975052 880
1590434032859 0.016256026923656464 890
1590434033016 0.01614968851208687 900
1590434033163 0.01735072024166584 910
1590434033318 0.016194747760891914 920
1590434033464 0.016614312306046486 930
1590434033615 0.015925731509923935 940
1590434033762 0.016774391755461693 950
1590434033919 0.015979936346411705 960
1590434034066 0.01635296829044819 970
1590434034224 0.015608263202011585 980
1590434034375 0.015299537219107151 990
1590434034528 0.0153419878333807 1000
1590434034680 0.014483928680419922 1010
1590434034830 0.015993278473615646 1020
1590434034985 0.01556580699980259 1030
1590434035135 0.015792574733495712 1040
1590434035287 0.015575372613966465 1050
1590434035432 0.015044772066175938 1060
1590434035575 0.015679605305194855 1070
1590434035716 0.014915715903043747 1080
1590434035857 0.015232929028570652 1090
1590434035998 0.014497040770947933 1100
1590434036146 0.014718119986355305 1110
1590434036288 0.01465112715959549 1120
1590434036429 0.014577115885913372 1130
1590434036574 0.015250234864652157 1140
1590434036715 0.014493577182292938 1150
1590434036856 0.01419244147837162 1160
1590434036993 0.014993846416473389 1170
1590434037133 0.014284448698163033 1180
1590434037273 0.013880574144423008 1190
