1590436819362 0 0
1590436819539 0 10
1590436819698 0 20
1590436819858 0 30
1590436820015 0 40
1590436820190 0 50
1590436820347 0 60
1590436820491 0 70
1590436820641 0 80
1590436820784 0 90
1590436820930 0 100
1590436821079 0 110
1590436821235 0 120
1590436821395 0 130
1590436821547 0 140
1590436821694 0 150
1590436821855 0 160
1590436822016 0 170
1590436822160 0 180
1590436822301 0 190
1590436822444 0 200
1590436822603 0 210
1590436822747 0 220
1590436822885 0 230
1590436823036 0 240
1590436823178 0 250
1590436823314 0 260
1590436823459 0 270
1590436823606 0 280
1590436823749 0 290
1590436823891 0 300
1590436824040 0 310
1590436824188 0 320
1590436824328 0 330
1590436824471 0 340
1590436824614 0 350
1590436824762 0 360
1590436824905 0 370
1590436825053 0 380
1590436825202 0 390
1590436825430 1 400
1590436825576 1 410
1590436825719 1 420
1590436825862 1 430
1590436826004 1 440
1590436826149 1 450
1590436826292 1 460
1590436826439 1 470
1590436826582 1 480
1590436826726 1 490
1590436826869 1 500
1590436827010 1 510
1590436827151 1 520
1590436827291 1 530
1590436827435 1 540
1590436827578 1 550
1590436827728 1 560
1590436827871 1 570
1590436828014 1 580
1590436828164 1 590
1590436828313 1 600
1590436828456 1 610
1590436828608 1 620
1590436828752 1 630
1590436828896 1 640
1590436829043 1 650
1590436829185 1 660
1590436829332 1 670
1590436829482 1 680
1590436829640 1 690
1590436829785 1 700
1590436829930 1 710
1590436830082 1 720
1590436830229 1 730
1590436830379 1 740
1590436830525 1 750
1590436830680 1 760
1590436830821 1 770
1590436830961 1 780
1590436831113 1 790
1590436831352 2 800
1590436831513 2 810
1590436831685 2 820
1590436831837 2 830
1590436831985 2 840
1590436832134 2 850
1590436832278 2 860
1590436832431 2 870
1590436832573 2 880
1590436832717 2 890
1590436832862 2 900
1590436833003 2 910
1590436833148 2 920
1590436833301 2 930
1590436833457 2 940
1590436833604 2 950
1590436833763 2 960
1590436833928 2 970
1590436834072 2 980
1590436834222 2 990
1590436834371 2 1000
1590436834515 2 1010
1590436834657 2 1020
1590436834795 2 1030
1590436834945 2 1040
1590436835096 2 1050
1590436835252 2 1060
1590436835398 2 1070
1590436835553 2 1080
1590436835690 2 1090
1590436835828 2 1100
1590436835979 2 1110
1590436836129 2 1120
1590436836279 2 1130
1590436836424 2 1140
1590436836566 2 1150
1590436836720 2 1160
1590436836872 2 1170
1590436837023 2 1180
1590436837167 2 1190
1590436837400 3 1200
1590436837548 3 1210
1590436837693 3 1220
1590436837841 3 1230
1590436837993 3 1240
1590436838151 3 1250
1590436838300 3 1260
1590436838438 3 1270
1590436838580 3 1280
1590436838736 3 1290
1590436838887 3 1300
1590436839037 3 1310
1590436839197 3 1320
1590436839350 3 1330
1590436839500 3 1340
1590436839644 3 1350
1590436839788 3 1360
1590436839926 3 1370
1590436840065 3 1380
1590436840210 3 1390
1590436840347 3 1400
1590436840506 3 1410
1590436840665 3 1420
1590436840818 3 1430
1590436840969 3 1440
1590436841117 3 1450
1590436841271 3 1460
1590436841425 3 1470
1590436841574 3 1480
1590436841720 3 1490
1590436841870 3 1500
1590436842015 3 1510
1590436842170 3 1520
1590436842324 3 1530
1590436842471 3 1540
1590436842609 3 1550
1590436842749 3 1560
1590436842898 3 1570
1590436843050 3 1580
1590436843200 3 1590
1590436843434 4 1600
1590436843581 4 1610
1590436843724 4 1620
1590436843867 4 1630
1590436844022 4 1640
1590436844167 4 1650
1590436844308 4 1660
1590436844450 4 1670
1590436844599 4 1680
1590436844749 4 1690
1590436844893 4 1700
1590436845033 4 1710
1590436845174 4 1720
1590436845328 4 1730
1590436845474 4 1740
1590436845616 4 1750
1590436845759 4 1760
1590436845897 4 1770
1590436846048 4 1780
1590436846198 4 1790
1590436846349 4 1800
1590436846501 4 1810
1590436846662 4 1820
1590436846804 4 1830
1590436846944 4 1840
1590436847093 4 1850
1590436847235 4 1860
1590436847383 4 1870
1590436847535 4 1880
1590436847686 4 1890
1590436847842 4 1900
1590436847989 4 1910
1590436848135 4 1920
1590436848288 4 1930
1590436848449 4 1940
1590436848611 4 1950
1590436848768 4 1960
1590436848932 4 1970
1590436849090 4 1980
1590436849235 4 1990
1590436849475 5 2000
1590436849619 5 2010
1590436849768 5 2020
1590436849909 5 2030
1590436850059 5 2040
1590436850209 5 2050
1590436850355 5 2060
1590436850501 5 2070
1590436850652 5 2080
1590436850800 5 2090
1590436850952 5 2100
1590436851105 5 2110
1590436851254 5 2120
1590436851401 5 2130
1590436851569 5 2140
1590436851729 5 2150
1590436851882 5 2160
1590436852033 5 2170
1590436852194 5 2180
1590436852353 5 2190
1590436852511 5 2200
1590436852673 5 2210
1590436852829 5 2220
1590436852979 5 2230
1590436853134 5 2240
1590436853286 5 2250
1590436853433 5 2260
1590436853577 5 2270
1590436853723 5 2280
1590436853862 5 2290
1590436854004 5 2300
1590436854144 5 2310
1590436854289 5 2320
1590436854434 5 2330
1590436854574 5 2340
1590436854718 5 2350
1590436854859 5 2360
1590436855006 5 2370
1590436855148 5 2380
1590436855291 5 2390
1590436855516 6 2400
1590436855659 6 2410
1590436855808 6 2420
1590436855953 6 2430
1590436856095 6 2440
1590436856236 6 2450
1590436856381 6 2460
1590436856536 6 2470
1590436856695 6 2480
1590436856847 6 2490
1590436857000 6 2500
1590436857159 6 2510
1590436857314 6 2520
1590436857458 6 2530
1590436857603 6 2540
1590436857745 6 2550
1590436857897 6 2560
1590436858044 6 2570
1590436858195 6 2580
1590436858336 6 2590
1590436858480 6 2600
1590436858623 6 2610
1590436858767 6 2620
1590436858916 6 2630
1590436859069 6 2640
1590436859228 6 2650
1590436859390 6 2660
1590436859533 6 2670
1590436859682 6 2680
1590436859824 6 2690
1590436859977 6 2700
1590436860134 6 2710
1590436860295 6 2720
1590436860446 6 2730
1590436860591 6 2740
1590436860777 6 2750
1590436860949 6 2760
1590436861120 6 2770
1590436861275 6 2780
1590436861421 6 2790
1590436861670 7 2800
1590436861817 7 2810
1590436861965 7 2820
1590436862117 7 2830
1590436862267 7 2840
1590436862416 7 2850
1590436862567 7 2860
1590436862711 7 2870
1590436862855 7 2880
1590436862994 7 2890
1590436863133 7 2900
1590436863280 7 2910
1590436863435 7 2920
1590436863587 7 2930
1590436863751 7 2940
1590436863903 7 2950
1590436864055 7 2960
1590436864208 7 2970
1590436864357 7 2980
1590436864516 7 2990
1590436864668 7 3000
1590436864811 7 3010
1590436864958 7 3020
1590436865122 7 3030
1590436865274 7 3040
1590436865415 7 3050
1590436865553 7 3060
1590436865697 7 3070
1590436865837 7 3080
1590436865982 7 3090
1590436866130 7 3100
1590436866288 7 3110
1590436866448 7 3120
1590436866605 7 3130
1590436866751 7 3140
1590436866903 7 3150
1590436867064 7 3160
1590436867217 7 3170
1590436867376 7 3180
1590436867556 7 3190
1590436867798 8 3200
1590436867948 8 3210
1590436868100 8 3220
1590436868257 8 3230
1590436868405 8 3240
1590436868559 8 3250
1590436868709 8 3260
1590436868859 8 3270
1590436869011 8 3280
1590436869165 8 3290
1590436869329 8 3300
1590436869487 8 3310
1590436869648 8 3320
1590436869813 8 3330
1590436869964 8 3340
1590436870112 8 3350
1590436870267 8 3360
1590436870414 8 3370
1590436870567 8 3380
1590436870732 8 3390
1590436870889 8 3400
1590436871035 8 3410
1590436871191 8 3420
1590436871346 8 3430
1590436871498 8 3440
1590436871659 8 3450
1590436871811 8 3460
1590436871962 8 3470
1590436872121 8 3480
1590436872269 8 3490
1590436872411 8 3500
1590436872553 8 3510
1590436872694 8 3520
1590436872837 8 3530
1590436872978 8 3540
1590436873127 8 3550
1590436873287 8 3560
1590436873449 8 3570
1590436873605 8 3580
1590436873758 8 3590
1590436873980 9 3600
1590436874130 9 3610
1590436874275 9 3620
1590436874426 9 3630
1590436874573 9 3640
1590436874719 9 3650
1590436874859 9 3660
1590436875008 9 3670
1590436875156 9 3680
1590436875308 9 3690
1590436875452 9 3700
1590436875600 9 3710
1590436875762 9 3720
1590436875911 9 3730
1590436876062 9 3740
1590436876206 9 3750
1590436876359 9 3760
1590436876513 9 3770
1590436876672 9 3780
1590436876827 9 3790
1590436876985 9 3800
1590436877130 9 3810
1590436877279 9 3820
1590436877430 9 3830
1590436877575 9 3840
1590436877725 9 3850
1590436877874 9 3860
1590436878016 9 3870
1590436878162 9 3880
1590436878307 9 3890
1590436878448 9 3900
1590436878588 9 3910
1590436878728 9 3920
1590436878866 9 3930
1590436879005 9 3940
1590436879152 9 3950
1590436879305 9 3960
1590436879460 9 3970
1590436879611 9 3980
1590436879764 9 3990
1590436879993 10 4000
1590436880144 10 4010
1590436880284 10 4020
1590436880425 10 4030
1590436880568 10 4040
1590436880718 10 4050
1590436880868 10 4060
1590436881013 10 4070
1590436881165 10 4080
1590436881317 10 4090
1590436881468 10 4100
1590436881615 10 4110
1590436881761 10 4120
1590436881914 10 4130
1590436882065 10 4140
1590436882215 10 4150
1590436882359 10 4160
1590436882509 10 4170
1590436882655 10 4180
1590436882800 10 4190
1590436882943 10 4200
1590436883084 10 4210
1590436883225 10 4220
1590436883365 10 4230
1590436883506 10 4240
1590436883650 10 4250
1590436883802 10 4260
1590436883966 10 4270
1590436884124 10 4280
1590436884267 10 4290
1590436884425 10 4300
1590436884575 10 4310
1590436884731 10 4320
1590436884890 10 4330
1590436885042 10 4340
1590436885194 10 4350
1590436885352 10 4360
1590436885507 10 4370
1590436885657 10 4380
1590436885815 10 4390
1590436886045 11 4400
1590436886179 11 4410
1590436886329 11 4420
1590436886483 11 4430
1590436886643 11 4440
1590436886784 11 4450
1590436886942 11 4460
1590436887100 11 4470
1590436887255 11 4480
1590436887398 11 4490
1590436887533 11 4500
1590436887673 11 4510
1590436887809 11 4520
1590436887949 11 4530
1590436888092 11 4540
1590436888239 11 4550
1590436888381 11 4560
1590436888522 11 4570
1590436888666 11 4580
1590436888824 11 4590
1590436888989 11 4600
1590436889133 11 4610
1590436889277 11 4620
1590436889424 11 4630
1590436889569 11 4640
1590436889709 11 4650
1590436889848 11 4660
1590436889988 11 4670
1590436890130 11 4680
1590436890272 11 4690
1590436890412 11 4700
1590436890552 11 4710
1590436890696 11 4720
1590436890837 11 4730
1590436890985 11 4740
1590436891141 11 4750
1590436891290 11 4760
1590436891435 11 4770
1590436891583 11 4780
1590436891729 11 4790
1590436891963 12 4800
1590436892110 12 4810
1590436892269 12 4820
1590436892431 12 4830
1590436892584 12 4840
1590436892732 12 4850
1590436892874 12 4860
1590436893034 12 4870
1590436893179 12 4880
1590436893336 12 4890
1590436893491 12 4900
1590436893628 12 4910
1590436893769 12 4920
1590436893909 12 4930
1590436894050 12 4940
1590436894202 12 4950
1590436894356 12 4960
1590436894498 12 4970
1590436894644 12 4980
1590436894787 12 4990
1590436894928 12 5000
1590436895074 12 5010
1590436895221 12 5020
1590436895367 12 5030
1590436895509 12 5040
1590436895652 12 5050
1590436895791 12 5060
1590436895934 12 5070
1590436896077 12 5080
1590436896223 12 5090
1590436896372 12 5100
1590436896524 12 5110
1590436896673 12 5120
1590436896824 12 5130
1590436896976 12 5140
1590436897134 12 5150
1590436897298 12 5160
1590436897470 12 5170
1590436897627 12 5180
1590436897775 12 5190
1590436898006 13 5200
1590436898143 13 5210
1590436898286 13 5220
1590436898433 13 5230
1590436898575 13 5240
1590436898716 13 5250
1590436898864 13 5260
1590436899010 13 5270
1590436899157 13 5280
1590436899307 13 5290
1590436899452 13 5300
1590436899596 13 5310
1590436899743 13 5320
1590436899892 13 5330
1590436900052 13 5340
1590436900208 13 5350
1590436900362 13 5360
1590436900516 13 5370
1590436900673 13 5380
1590436900821 13 5390
1590436900976 13 5400
1590436901129 13 5410
1590436901276 13 5420
1590436901418 13 5430
1590436901562 13 5440
1590436901707 13 5450
1590436901844 13 5460
1590436901990 13 5470
1590436902135 13 5480
1590436902284 13 5490
1590436902441 13 5500
1590436902586 13 5510
1590436902738 13 5520
1590436902885 13 5530
1590436903036 13 5540
1590436903190 13 5550
1590436903338 13 5560
1590436903480 13 5570
1590436903622 13 5580
1590436903763 13 5590
1590436903984 14 5600
1590436904134 14 5610
1590436904290 14 5620
1590436904437 14 5630
1590436904583 14 5640
1590436904720 14 5650
1590436904861 14 5660
1590436905005 14 5670
1590436905150 14 5680
1590436905300 14 5690
1590436905449 14 5700
1590436905593 14 5710
1590436905732 14 5720
1590436905875 14 5730
1590436906016 14 5740
1590436906161 14 5750
1590436906305 14 5760
1590436906468 14 5770
1590436906638 14 5780
1590436906790 14 5790
1590436906951 14 5800
1590436907112 14 5810
1590436907269 14 5820
1590436907433 14 5830
1590436907581 14 5840
1590436907726 14 5850
1590436907865 14 5860
1590436908006 14 5870
1590436908148 14 5880
1590436908298 14 5890
1590436908451 14 5900
1590436908591 14 5910
1590436908731 14 5920
1590436908871 14 5930
1590436909013 14 5940
1590436909161 14 5950
1590436909306 14 5960
1590436909450 14 5970
1590436909592 14 5980
1590436909736 14 5990
1590436909965 15 6000
1590436910109 15 6010
1590436910264 15 6020
1590436910407 15 6030
1590436910547 15 6040
1590436910689 15 6050
1590436910834 15 6060
1590436910975 15 6070
1590436911134 15 6080
1590436911291 15 6090
1590436911442 15 6100
1590436911597 15 6110
1590436911792 15 6120
1590436911938 15 6130
1590436912095 15 6140
1590436912246 15 6150
1590436912398 15 6160
1590436912540 15 6170
1590436912682 15 6180
1590436912824 15 6190
1590436912964 15 6200
1590436913110 15 6210
1590436913248 15 6220
1590436913388 15 6230
1590436913528 15 6240
1590436913675 15 6250
1590436913827 15 6260
1590436913980 15 6270
1590436914131 15 6280
1590436914285 15 6290
1590436914430 15 6300
1590436914588 15 6310
1590436914735 15 6320
1590436914890 15 6330
1590436915041 15 6340
1590436915196 15 6350
1590436915352 15 6360
1590436915497 15 6370
1590436915649 15 6380
1590436915797 15 6390
1590436916022 16 6400
1590436916162 16 6410
1590436916307 16 6420
1590436916444 16 6430
1590436916594 16 6440
1590436916740 16 6450
1590436916888 16 6460
1590436917041 16 6470
1590436917189 16 6480
1590436917345 16 6490
1590436917504 16 6500
1590436917651 16 6510
1590436917802 16 6520
1590436917952 16 6530
1590436918106 16 6540
1590436918252 16 6550
1590436918398 16 6560
1590436918551 16 6570
1590436918696 16 6580
1590436918845 16 6590
1590436918993 16 6600
1590436919138 16 6610
1590436919278 16 6620
1590436919420 16 6630
1590436919560 16 6640
1590436919709 16 6650
1590436919855 16 6660
1590436919999 16 6670
1590436920158 16 6680
1590436920321 16 6690
1590436920487 16 6700
1590436920644 16 6710
1590436920823 16 6720
1590436920991 16 6730
1590436921163 16 6740
1590436921336 16 6750
1590436921489 16 6760
1590436921665 16 6770
1590436921820 16 6780
1590436921975 16 6790
1590436922205 17 6800
1590436922352 17 6810
1590436922511 17 6820
1590436922653 17 6830
1590436922804 17 6840
1590436922960 17 6850
1590436923099 17 6860
1590436923261 17 6870
1590436923416 17 6880
1590436923559 17 6890
1590436923705 17 6900
1590436923863 17 6910
1590436924010 17 6920
1590436924172 17 6930
1590436924333 17 6940
1590436924481 17 6950
1590436924626 17 6960
1590436924767 17 6970
1590436924907 17 6980
1590436925062 17 6990
1590436925213 17 7000
1590436925358 17 7010
1590436925499 17 7020
1590436925643 17 7030
1590436925789 17 7040
1590436925951 17 7050
1590436926106 17 7060
1590436926249 17 7070
1590436926390 17 7080
1590436926543 17 7090
1590436926683 17 7100
1590436926831 17 7110
1590436926975 17 7120
1590436927118 17 7130
1590436927274 17 7140
1590436927435 17 7150
1590436927589 17 7160
1590436927739 17 7170
1590436927893 17 7180
1590436928044 17 7190
1590436928276 18 7200
1590436928421 18 7210
1590436928564 18 7220
1590436928713 18 7230
1590436928855 18 7240
1590436929005 18 7250
1590436929159 18 7260
1590436929308 18 7270
1590436929467 18 7280
1590436929619 18 7290
1590436929769 18 7300
1590436929911 18 7310
1590436930053 18 7320
1590436930194 18 7330
1590436930340 18 7340
1590436930498 18 7350
1590436930655 18 7360
1590436930835 18 7370
1590436930975 18 7380
1590436931119 18 7390
1590436931278 18 7400
1590436931431 18 7410
1590436931584 18 7420
1590436931732 18 7430
1590436931891 18 7440
1590436932049 18 7450
1590436932199 18 7460
1590436932347 18 7470
1590436932499 18 7480
1590436932639 18 7490
1590436932789 18 7500
1590436932939 18 7510
1590436933087 18 7520
1590436933234 18 7530
1590436933437 18 7540
1590436933599 18 7550
1590436933756 18 7560
1590436933903 18 7570
1590436934064 18 7580
1590436934218 18 7590
1590436934451 19 7600
1590436934599 19 7610
1590436934747 19 7620
1590436934899 19 7630
1590436935044 19 7640
1590436935197 19 7650
1590436935344 19 7660
1590436935504 19 7670
1590436935667 19 7680
1590436935822 19 7690
1590436935965 19 7700
1590436936107 19 7710
1590436936250 19 7720
1590436936408 19 7730
1590436936566 19 7740
1590436936723 19 7750
1590436936873 19 7760
1590436937029 19 7770
1590436937183 19 7780
1590436937335 19 7790
1590436937484 19 7800
1590436937627 19 7810
1590436937770 19 7820
1590436937914 19 7830
1590436938057 19 7840
1590436938201 19 7850
1590436938343 19 7860
1590436938483 19 7870
1590436938629 19 7880
1590436938772 19 7890
1590436938912 19 7900
1590436939054 19 7910
1590436939196 19 7920
1590436939336 19 7930
1590436939479 19 7940
1590436939626 19 7950
1590436939779 19 7960
1590436939923 19 7970
1590436940068 19 7980
1590436940220 19 7990
