1590436819362 0.11098571121692657 0
1590436819539 0.10530223697423935 10
1590436819698 0.09269770234823227 20
1590436819858 0.07442782819271088 30
1590436820015 0.06669355928897858 40
1590436820190 0.05735989287495613 50
1590436820347 0.05358874052762985 60
1590436820491 0.04798126965761185 70
1590436820641 0.0442315898835659 80
1590436820784 0.03964313492178917 90
1590436820930 0.037008654326200485 100
1590436821079 0.03591860085725784 110
1590436821235 0.03418765589594841 120
1590436821395 0.03216110169887543 130
1590436821547 0.032157909125089645 140
1590436821694 0.02982848510146141 150
1590436821855 0.028639283031225204 160
1590436822016 0.028023233637213707 170
1590436822160 0.026447316631674767 180
1590436822301 0.025557400658726692 190
1590436822444 0.024747084826231003 200
1590436822603 0.024375228211283684 210
1590436822747 0.027048636227846146 220
1590436822885 0.02400343306362629 230
1590436823036 0.023106876760721207 240
1590436823178 0.023141641169786453 250
1590436823314 0.02166747860610485 260
1590436823459 0.023184532299637794 270
1590436823606 0.022029893472790718 280
1590436823749 0.0208399910479784 290
1590436823891 0.020756904035806656 300
1590436824040 0.020335037261247635 310
1590436824188 0.019187498837709427 320
1590436824328 0.02007317543029785 330
1590436824471 0.01826932094991207 340
1590436824614 0.018434487283229828 350
1590436824762 0.018263690173625946 360
1590436824905 0.02016407623887062 370
1590436825053 0.018295591697096825 380
1590436825202 0.01812981255352497 390
1590436825430 0.017638593912124634 400
1590436825576 0.016922904178500175 410
1590436825719 0.016855191439390182 420
1590436825862 0.01699434220790863 430
1590436826004 0.016807807609438896 440
1590436826149 0.01619419828057289 450
1590436826292 0.016978347674012184 460
1590436826439 0.01756194978952408 470
1590436826582 0.01639573834836483 480
1590436826726 0.016049770638346672 490
1590436826869 0.01603580452501774 500
1590436827010 0.015457267872989178 510
1590436827151 0.015474564395844936 520
1590436827291 0.015539602376520634 530
1590436827435 0.014786038547754288 540
1590436827578 0.01581047661602497 550
1590436827728 0.014578139409422874 560
1590436827871 0.014397977851331234 570
1590436828014 0.013677643612027168 580
1590436828164 0.014567260630428791 590
1590436828313 0.013774779625236988 600
1590436828456 0.014385349117219448 610
1590436828608 0.0143656637519598 620
1590436828752 0.013425572775304317 630
1590436828896 0.013920461758971214 640
1590436829043 0.014471281319856644 650
1590436829185 0.013874944299459457 660
1590436829332 0.012588673271238804 670
1590436829482 0.013180791400372982 680
1590436829640 0.013316766358911991 690
1590436829785 0.013482439331710339 700
1590436829930 0.012234102003276348 710
1590436830082 0.012725990265607834 720
1590436830229 0.012954922392964363 730
1590436830379 0.012732254341244698 740
1590436830525 0.012259699404239655 750
1590436830680 0.01269657351076603 760
1590436830821 0.01243891753256321 770
1590436830961 0.012938369996845722 780
1590436831113 0.012133913114666939 790
1590436831352 0.012180262245237827 800
1590436831513 0.01195554155856371 810
1590436831685 0.011064441874623299 820
1590436831837 0.01199398934841156 830
1590436831985 0.011888508684933186 840
1590436832134 0.012458957731723785 850
1590436832278 0.011858289130032063 860
1590436832431 0.010923477821052074 870
1590436832573 0.01152212917804718 880
1590436832717 0.011334924958646297 890
1590436832862 0.011715786531567574 900
1590436833003 0.011746051721274853 910
1590436833148 0.011095456779003143 920
1590436833301 0.010807735845446587 930
1590436833457 0.01107033435255289 940
1590436833604 0.011291112750768661 950
1590436833763 0.010509676299989223 960
1590436833928 0.010758714750409126 970
1590436834072 0.010441621765494347 980
1590436834222 0.010801449418067932 990
1590436834371 0.011159186251461506 1000
1590436834515 0.010708154179155827 1010
1590436834657 0.01091237273067236 1020
1590436834795 0.010572071187198162 1030
1590436834945 0.010792171582579613 1040
1590436835096 0.01101632323116064 1050
1590436835252 0.010782658122479916 1060
1590436835398 0.010466296225786209 1070
1590436835553 0.010972189716994762 1080
1590436835690 0.010274148546159267 1090
1590436835828 0.010761507786810398 1100
1590436835979 0.011185201816260815 1110
1590436836129 0.01035182736814022 1120
1590436836279 0.010607955045998096 1130
1590436836424 0.010293621569871902 1140
1590436836566 0.01026633195579052 1150
1590436836720 0.010143990628421307 1160
1590436836872 0.009549899958074093 1170
1590436837023 0.010601973161101341 1180
1590436837167 0.010688277892768383 1190
1590436837400 0.010388601571321487 1200
1590436837548 0.010017954744398594 1210
1590436837693 0.010350137017667294 1220
1590436837841 0.010007774457335472 1230
1590436837993 0.009925666265189648 1240
1590436838151 0.00976007804274559 1250
1590436838300 0.009733203798532486 1260
1590436838438 0.009973016567528248 1270
1590436838580 0.009822768159210682 1280
1590436838736 0.010463070124387741 1290
1590436838887 0.009916450828313828 1300
1590436839037 0.009166859090328217 1310
1590436839197 0.009653860703110695 1320
1590436839350 0.009122799150645733 1330
1590436839500 0.009791208431124687 1340
1590436839644 0.00928397849202156 1350
1590436839788 0.009788187220692635 1360
1590436839926 0.010032490827143192 1370
1590436840065 0.009694347158074379 1380
1590436840210 0.010087542235851288 1390
1590436840347 0.00891401432454586 1400
1590436840506 0.00922092329710722 1410
1590436840665 0.009018742479383945 1420
1590436840818 0.009173478931188583 1430
1590436840969 0.009529335424304008 1440
1590436841117 0.0097348652780056 1450
1590436841271 0.009386075660586357 1460
1590436841425 0.009185412898659706 1470
1590436841574 0.010314525105059147 1480
1590436841720 0.009169094264507294 1490
1590436841870 0.009292388334870338 1500
1590436842015 0.0098841218277812 1510
1590436842170 0.009641232900321484 1520
1590436842324 0.008808407001197338 1530
1590436842471 0.008951510302722454 1540
1590436842609 0.008819017559289932 1550
1590436842749 0.00896995235234499 1560
1590436842898 0.008586963638663292 1570
1590436843050 0.009059060364961624 1580
1590436843200 0.00881894025951624 1590
1590436843434 0.00853013526648283 1600
1590436843581 0.008581327274441719 1610
1590436843724 0.008837386965751648 1620
1590436843867 0.008986961096525192 1630
1590436844022 0.009214441291987896 1640
1590436844167 0.009010590612888336 1650
1590436844308 0.009190930984914303 1660
1590436844450 0.008645625784993172 1670
1590436844599 0.008700946345925331 1680
1590436844749 0.008679277263581753 1690
1590436844893 0.008697199635207653 1700
1590436845033 0.009085062891244888 1710
1590436845174 0.008531314320862293 1720
1590436845328 0.008631957694888115 1730
1590436845474 0.008385660126805305 1740
1590436845616 0.008962441235780716 1750
1590436845759 0.008393431082367897 1760
1590436845897 0.009511888958513737 1770
1590436846048 0.009099035523831844 1780
1590436846198 0.010226693004369736 1790
1590436846349 0.00897285807877779 1800
1590436846501 0.008643866516649723 1810
1590436846662 0.008441497571766376 1820
1590436846804 0.008513134904205799 1830
1590436846944 0.008154232986271381 1840
1590436847093 0.00853059347718954 1850
1590436847235 0.008288409560918808 1860
1590436847383 0.008044155314564705 1870
1590436847535 0.008557599037885666 1880
1590436847686 0.008289264515042305 1890
1590436847842 0.008585101924836636 1900
1590436847989 0.00887076836079359 1910
1590436848135 0.008141380734741688 1920
1590436848288 0.00869837962090969 1930
1590436848449 0.008182091638445854 1940
1590436848611 0.007991675287485123 1950
1590436848768 0.00870333332568407 1960
1590436848932 0.008788904175162315 1970
1590436849090 0.00814595352858305 1980
1590436849235 0.007813896983861923 1990
1590436849475 0.008017254061996937 2000
1590436849619 0.008015484549105167 2010
1590436849768 0.008403884246945381 2020
1590436849909 0.008006146177649498 2030
1590436850059 0.008196708746254444 2040
1590436850209 0.008875799365341663 2050
1590436850355 0.008390061557292938 2060
1590436850501 0.007809787057340145 2070
1590436850652 0.00851723924279213 2080
1590436850800 0.008221772499382496 2090
1590436850952 0.007778679020702839 2100
1590436851105 0.008389932103455067 2110
1590436851254 0.007941430434584618 2120
1590436851401 0.008190142922103405 2130
1590436851569 0.008031568489968777 2140
1590436851729 0.008490240201354027 2150
1590436851882 0.007617634255439043 2160
1590436852033 0.00783354602754116 2170
1590436852194 0.008322158828377724 2180
1590436852353 0.0086946627125144 2190
1590436852511 0.00874699093401432 2200
1590436852673 0.008567938581109047 2210
1590436852829 0.00822170078754425 2220
1590436852979 0.008306003175675869 2230
1590436853134 0.00807113666087389 2240
1590436853286 0.008005653508007526 2250
1590436853433 0.008216838352382183 2260
1590436853577 0.008710764348506927 2270
1590436853723 0.008230797946453094 2280
1590436853862 0.008512001484632492 2290
1590436854004 0.007871019653975964 2300
1590436854144 0.0075852712616324425 2310
1590436854289 0.0076117683202028275 2320
1590436854434 0.008025097660720348 2330
1590436854574 0.007876855321228504 2340
1590436854718 0.008094287477433681 2350
1590436854859 0.008200926706194878 2360
1590436855006 0.007885723374783993 2370
1590436855148 0.007762540597468615 2380
1590436855291 0.008006286807358265 2390
1590436855516 0.008525260724127293 2400
1590436855659 0.008201798424124718 2410
1590436855808 0.00796250719577074 2420
1590436855953 0.008124517276883125 2430
1590436856095 0.00799306109547615 2440
1590436856236 0.007918966934084892 2450
1590436856381 0.007867757230997086 2460
1590436856536 0.008018666878342628 2470
1590436856695 0.007954004220664501 2480
1590436856847 0.008067856542766094 2490
1590436857000 0.007735388353466988 2500
1590436857159 0.00797148048877716 2510
1590436857314 0.007523012347519398 2520
1590436857458 0.00810631737112999 2530
1590436857603 0.007823005318641663 2540
1590436857745 0.00801159255206585 2550
1590436857897 0.00768515607342124 2560
1590436858044 0.008063566870987415 2570
1590436858195 0.007824731059372425 2580
1590436858336 0.007752247620373964 2590
1590436858480 0.00793072022497654 2600
1590436858623 0.007849243469536304 2610
1590436858767 0.007988039404153824 2620
1590436858916 0.008383184671401978 2630
1590436859069 0.007882917299866676 2640
1590436859228 0.008006862364709377 2650
1590436859390 0.007627509534358978 2660
1590436859533 0.007449434604495764 2670
1590436859682 0.007426674477756023 2680
1590436859824 0.007470523472875357 2690
1590436859977 0.007795585319399834 2700
1590436860134 0.007771864999085665 2710
1590436860295 0.007701304741203785 2720
1590436860446 0.008299975655972958 2730
1590436860591 0.00831531547009945 2740
1590436860777 0.007846814580261707 2750
1590436860949 0.007275240495800972 2760
1590436861120 0.007272152230143547 2770
1590436861275 0.007891306653618813 2780
1590436861421 0.008042036555707455 2790
1590436861670 0.007484239060431719 2800
1590436861817 0.00761394202709198 2810
1590436861965 0.008331858552992344 2820
1590436862117 0.007531444542109966 2830
1590436862267 0.007854725234210491 2840
1590436862416 0.007882376201450825 2850
1590436862567 0.007624154910445213 2860
1590436862711 0.007815242744982243 2870
1590436862855 0.0076268864795565605 2880
1590436862994 0.007400996051728725 2890
1590436863133 0.00786594022065401 2900
1590436863280 0.007885606028139591 2910
1590436863435 0.007373656611889601 2920
1590436863587 0.007822412066161633 2930
1590436863751 0.0074060894548892975 2940
1590436863903 0.006809744983911514 2950
1590436864055 0.006866613402962685 2960
1590436864208 0.007265438325703144 2970
1590436864357 0.007447730749845505 2980
1590436864516 0.006925888359546661 2990
1590436864668 0.007239763159304857 3000
1590436864811 0.007493674289435148 3010
1590436864958 0.0073821148835122585 3020
1590436865122 0.00733975088223815 3030
1590436865274 0.007845866493880749 3040
1590436865415 0.007990239188075066 3050
1590436865553 0.007777702063322067 3060
1590436865697 0.00746098393574357 3070
1590436865837 0.007267266511917114 3080
1590436865982 0.007729297503829002 3090
1590436866130 0.007505455054342747 3100
1590436866288 0.008259487338364124 3110
1590436866448 0.007298624608665705 3120
1590436866605 0.007362219505012035 3130
1590436866751 0.007154608611017466 3140
1590436866903 0.008221594616770744 3150
1590436867064 0.007267207372933626 3160
1590436867217 0.007563087157905102 3170
1590436867376 0.0074426764622330666 3180
1590436867556 0.00784050952643156 3190
1590436867798 0.007342923432588577 3200
1590436867948 0.0070600067265331745 3210
1590436868100 0.00737967761233449 3220
1590436868257 0.00781986117362976 3230
1590436868405 0.007521656341850758 3240
1590436868559 0.007319463416934013 3250
1590436868709 0.007210113573819399 3260
1590436868859 0.007552735041826963 3270
1590436869011 0.007599447853863239 3280
1590436869165 0.006590479519218206 3290
1590436869329 0.006665097549557686 3300
1590436869487 0.007293653674423695 3310
1590436869648 0.007178155705332756 3320
1590436869813 0.0069580995477736 3330
1590436869964 0.007020287681370974 3340
1590436870112 0.007686623837798834 3350
1590436870267 0.0071180108934640884 3360
1590436870414 0.0073274290189146996 3370
1590436870567 0.006932128220796585 3380
1590436870732 0.007150683552026749 3390
1590436870889 0.007316655479371548 3400
1590436871035 0.007040949072688818 3410
1590436871191 0.007132905535399914 3420
1590436871346 0.007111008279025555 3430
1590436871498 0.007421460468322039 3440
1590436871659 0.007193536963313818 3450
1590436871811 0.007123419549316168 3460
1590436871962 0.00675830477848649 3470
1590436872121 0.00756057258695364 3480
1590436872269 0.008026408031582832 3490
1590436872411 0.007411902770400047 3500
1590436872553 0.00673573836684227 3510
1590436872694 0.007006294094026089 3520
1590436872837 0.007360685616731644 3530
1590436872978 0.00725553510710597 3540
1590436873127 0.007076347712427378 3550
1590436873287 0.007427451200783253 3560
1590436873449 0.007652532309293747 3570
1590436873605 0.007212392520159483 3580
1590436873758 0.007292773108929396 3590
1590436873980 0.007315481547266245 3600
1590436874130 0.007565382402390242 3610
1590436874275 0.007127739023417234 3620
1590436874426 0.006912076845765114 3630
1590436874573 0.007013674825429916 3640
1590436874719 0.006885964423418045 3650
1590436874859 0.007154802791774273 3660
1590436875008 0.007170173339545727 3670
1590436875156 0.006936594843864441 3680
1590436875308 0.007778916507959366 3690
1590436875452 0.007090594153851271 3700
1590436875600 0.0068298946134746075 3710
1590436875762 0.007155892439186573 3720
1590436875911 0.00725557841360569 3730
1590436876062 0.007751801982522011 3740
1590436876206 0.007243027910590172 3750
1590436876359 0.007339123170822859 3760
1590436876513 0.007343961391597986 3770
1590436876672 0.006865769624710083 3780
1590436876827 0.00702008418738842 3790
1590436876985 0.007229493465274572 3800
1590436877130 0.007154577877372503 3810
1590436877279 0.007431935053318739 3820
1590436877430 0.0077896397560834885 3830
1590436877575 0.007349751889705658 3840
1590436877725 0.007266176864504814 3850
1590436877874 0.007402545772492886 3860
1590436878016 0.0072409347631037235 3870
1590436878162 0.00696332473307848 3880
1590436878307 0.007479825988411903 3890
1590436878448 0.00737792020663619 3900
1590436878588 0.0069275167770683765 3910
1590436878728 0.007462810259312391 3920
1590436878866 0.006975035648792982 3930
1590436879005 0.007538055535405874 3940
1590436879152 0.007056602742522955 3950
1590436879305 0.006983863655477762 3960
1590436879460 0.007453335914760828 3970
1590436879611 0.007143930997699499 3980
1590436879764 0.00711838249117136 3990
1590436879993 0.007731828838586807 4000
1590436880144 0.007555999793112278 4010
1590436880284 0.0071848551742732525 4020
1590436880425 0.007041820790618658 4030
1590436880568 0.007463096175342798 4040
1590436880718 0.007131895516067743 4050
1590436880868 0.007247225847095251 4060
1590436881013 0.006612048484385014 4070
1590436881165 0.0074599506333470345 4080
1590436881317 0.006925590801984072 4090
1590436881468 0.007344153709709644 4100
1590436881615 0.006989085115492344 4110
1590436881761 0.006772116292268038 4120
1590436881914 0.007389895152300596 4130
1590436882065 0.007011283189058304 4140
1590436882215 0.007241381332278252 4150
1590436882359 0.00746121583506465 4160
1590436882509 0.007125760894268751 4170
1590436882655 0.006980144418776035 4180
1590436882800 0.007486394606530666 4190
1590436882943 0.007352515123784542 4200
1590436883084 0.007065806537866592 4210
1590436883225 0.006707111373543739 4220
1590436883365 0.0066838678903877735 4230
1590436883506 0.006808099802583456 4240
1590436883650 0.007205762434750795 4250
1590436883802 0.006723662372678518 4260
1590436883966 0.007317255716770887 4270
1590436884124 0.006640241481363773 4280
1590436884267 0.006780173163861036 4290
1590436884425 0.007219964172691107 4300
1590436884575 0.007324744015932083 4310
1590436884731 0.0066085089929401875 4320
1590436884890 0.006777568254619837 4330
1590436885042 0.006574593484401703 4340
1590436885194 0.007074214983731508 4350
1590436885352 0.006592650432139635 4360
1590436885507 0.0070275370962917805 4370
1590436885657 0.007290905341506004 4380
1590436885815 0.007204046472907066 4390
1590436886045 0.007375290617346764 4400
1590436886179 0.007316356059163809 4410
1590436886329 0.007605860475450754 4420
1590436886483 0.006955236196517944 4430
1590436886643 0.0070105912163853645 4440
1590436886784 0.006543996278196573 4450
1590436886942 0.007169957272708416 4460
1590436887100 0.00642520422115922 4470
1590436887255 0.006894731894135475 4480
1590436887398 0.00705091655254364 4490
1590436887533 0.006262152921408415 4500
1590436887673 0.006830223370343447 4510
1590436887809 0.007268667221069336 4520
1590436887949 0.006657439284026623 4530
1590436888092 0.006909115705639124 4540
1590436888239 0.006632758304476738 4550
1590436888381 0.006903721019625664 4560
1590436888522 0.007305222563445568 4570
1590436888666 0.007113274186849594 4580
1590436888824 0.007059286814182997 4590
1590436888989 0.006822753231972456 4600
1590436889133 0.007173813413828611 4610
1590436889277 0.0069624194875359535 4620
1590436889424 0.006952645722776651 4630
1590436889569 0.006999240256845951 4640
1590436889709 0.007620952092111111 4650
1590436889848 0.006779895164072514 4660
1590436889988 0.006899554282426834 4670
1590436890130 0.00648608710616827 4680
1590436890272 0.007540285587310791 4690
1590436890412 0.007024905178695917 4700
1590436890552 0.006997273303568363 4710
1590436890696 0.006656427402049303 4720
1590436890837 0.007122058421373367 4730
1590436890985 0.006813473999500275 4740
1590436891141 0.006527239456772804 4750
1590436891290 0.007299586199223995 4760
1590436891435 0.006626575253903866 4770
1590436891583 0.0063645197078585625 4780
1590436891729 0.0068208822049200535 4790
1590436891963 0.0069120521657168865 4800
1590436892110 0.006919305305927992 4810
1590436892269 0.006747314240783453 4820
1590436892431 0.006366363726556301 4830
1590436892584 0.006481387186795473 4840
1590436892732 0.0073408810421824455 4850
1590436892874 0.006792615633457899 4860
1590436893034 0.007291599176824093 4870
1590436893179 0.006660606246441603 4880
1590436893336 0.007014107890427113 4890
1590436893491 0.006940148770809174 4900
1590436893628 0.006821912247687578 4910
1590436893769 0.006826804485172033 4920
1590436893909 0.006792702712118626 4930
1590436894050 0.006567624397575855 4940
1590436894202 0.007331514731049538 4950
1590436894356 0.0067291525192558765 4960
1590436894498 0.006910881958901882 4970
1590436894644 0.006889800541102886 4980
1590436894787 0.006677217781543732 4990
1590436894928 0.006753592751920223 5000
1590436895074 0.006592057645320892 5010
1590436895221 0.006580542307347059 5020
1590436895367 0.007429515477269888 5030
1590436895509 0.006130797788500786 5040
1590436895652 0.007585895247757435 5050
1590436895791 0.0067887925542891026 5060
1590436895934 0.006428657565265894 5070
1590436896077 0.006793770007789135 5080
1590436896223 0.006807196419686079 5090
1590436896372 0.006393476389348507 5100
1590436896524 0.0069660102017223835 5110
1590436896673 0.006708091124892235 5120
1590436896824 0.0065539320930838585 5130
1590436896976 0.006436220835894346 5140
1590436897134 0.006288965232670307 5150
1590436897298 0.0065545146353542805 5160
1590436897470 0.006747887469828129 5170
1590436897627 0.006845852825790644 5180
1590436897775 0.006414246745407581 5190
1590436898006 0.006730613764375448 5200
1590436898143 0.0059170969761908054 5210
1590436898286 0.00737405102699995 5220
1590436898433 0.006132505834102631 5230
1590436898575 0.00700031453743577 5240
1590436898716 0.007195391692221165 5250
1590436898864 0.0069511765614151955 5260
1590436899010 0.006423526909202337 5270
1590436899157 0.00745315570384264 5280
1590436899307 0.006929718889296055 5290
1590436899452 0.006433028727769852 5300
1590436899596 0.007044680882245302 5310
1590436899743 0.007378741167485714 5320
1590436899892 0.006810279097408056 5330
1590436900052 0.00702783465385437 5340
1590436900208 0.006639018654823303 5350
1590436900362 0.006899232044816017 5360
1590436900516 0.007013453170657158 5370
1590436900673 0.006923386361449957 5380
1590436900821 0.006264385301619768 5390
1590436900976 0.006468787789344788 5400
1590436901129 0.007129390258342028 5410
1590436901276 0.006535686552524567 5420
1590436901418 0.006936045829206705 5430
1590436901562 0.007035295478999615 5440
1590436901707 0.006913244258612394 5450
1590436901844 0.006807106547057629 5460
1590436901990 0.006611175835132599 5470
1590436902135 0.006530817598104477 5480
1590436902284 0.006575555540621281 5490
1590436902441 0.0064559755846858025 5500
1590436902586 0.006674655247479677 5510
1590436902738 0.006801152601838112 5520
1590436902885 0.006861966568976641 5530
1590436903036 0.00638051750138402 5540
1590436903190 0.006842473521828651 5550
1590436903338 0.007464919239282608 5560
1590436903480 0.006408130284398794 5570
1590436903622 0.0069241272285580635 5580
1590436903763 0.006805375684052706 5590
1590436903984 0.007216867990791798 5600
1590436904134 0.006718591786921024 5610
1590436904290 0.006388295441865921 5620
1590436904437 0.006747126579284668 5630
1590436904583 0.006444930098950863 5640
1590436904720 0.006868191063404083 5650
1590436904861 0.0062474594451487064 5660
1590436905005 0.006584402173757553 5670
1590436905150 0.006409548223018646 5680
1590436905300 0.006852304097265005 5690
1590436905449 0.006530340760946274 5700
1590436905593 0.006184441968798637 5710
1590436905732 0.006496326066553593 5720
1590436905875 0.006550544872879982 5730
1590436906016 0.006138947792351246 5740
1590436906161 0.006147506181150675 5750
1590436906305 0.00598012562841177 5760
1590436906468 0.006649719085544348 5770
1590436906638 0.007129395380616188 5780
1590436906790 0.0061002071015536785 5790
1590436906951 0.006735296454280615 5800
1590436907112 0.006617390085011721 5810
1590436907269 0.006564476061612368 5820
1590436907433 0.006611306220293045 5830
1590436907581 0.0066010840237140656 5840
1590436907726 0.006922165863215923 5850
1590436907865 0.007627879269421101 5860
1590436908006 0.006515922490507364 5870
1590436908148 0.006085461936891079 5880
1590436908298 0.006931084208190441 5890
1590436908451 0.006744625046849251 5900
1590436908591 0.006663993466645479 5910
1590436908731 0.006079887505620718 5920
1590436908871 0.006718992721289396 5930
1590436909013 0.006813523359596729 5940
1590436909161 0.006558910943567753 5950
1590436909306 0.006162077654153109 5960
1590436909450 0.00661645969375968 5970
1590436909592 0.00651914207264781 5980
1590436909736 0.0063011012971401215 5990
1590436909965 0.0061608958058059216 6000
1590436910109 0.006385847460478544 6010
1590436910264 0.006557580083608627 6020
1590436910407 0.006778741721063852 6030
1590436910547 0.0063883401453495026 6040
1590436910689 0.006217524874955416 6050
1590436910834 0.006788711529225111 6060
1590436910975 0.006619719788432121 6070
1590436911134 0.006223421078175306 6080
1590436911291 0.0065252408385276794 6090
1590436911442 0.0063491687178611755 6100
1590436911597 0.007104561664164066 6110
1590436911792 0.006563857663422823 6120
1590436911938 0.0064499895088374615 6130
1590436912095 0.006335369311273098 6140
1590436912246 0.006461594719439745 6150
1590436912398 0.006478931289166212 6160
1590436912540 0.006657828111201525 6170
1590436912682 0.0061435154639184475 6180
1590436912824 0.006216894835233688 6190
1590436912964 0.007282346952706575 6200
1590436913110 0.007111601997166872 6210
1590436913248 0.0062577747739851475 6220
1590436913388 0.006717637646943331 6230
1590436913528 0.0067411367781460285 6240
1590436913675 0.006466679275035858 6250
1590436913827 0.0065805562771856785 6260
1590436913980 0.006394451018422842 6270
1590436914131 0.0067378743551671505 6280
1590436914285 0.00654388265684247 6290
1590436914430 0.006700314115732908 6300
1590436914588 0.007113256491720676 6310
1590436914735 0.006398915778845549 6320
1590436914890 0.006647075992077589 6330
1590436915041 0.006738068535923958 6340
1590436915196 0.006713139358907938 6350
1590436915352 0.0063828956335783005 6360
1590436915497 0.006665232125669718 6370
1590436915649 0.0064508854411542416 6380
1590436915797 0.006009586621075869 6390
1590436916022 0.006674974225461483 6400
1590436916162 0.006383026950061321 6410
1590436916307 0.006354231387376785 6420
1590436916444 0.006784750614315271 6430
1590436916594 0.005872718058526516 6440
1590436916740 0.00684910174459219 6450
1590436916888 0.0064379065297544 6460
1590436917041 0.005815261509269476 6470
1590436917189 0.006773985456675291 6480
1590436917345 0.006656713783740997 6490
1590436917504 0.0061111231334507465 6500
1590436917651 0.006129085086286068 6510
1590436917802 0.006568298675119877 6520
1590436917952 0.006543368566781282 6530
1590436918106 0.006520139053463936 6540
1590436918252 0.006147419568151236 6550
1590436918398 0.006687787361443043 6560
1590436918551 0.006459641270339489 6570
1590436918696 0.006103175692260265 6580
1590436918845 0.006346711423248053 6590
1590436918993 0.006163200829178095 6600
1590436919138 0.006821808870881796 6610
1590436919278 0.006430380512028933 6620
1590436919420 0.006761838681995869 6630
1590436919560 0.006798761896789074 6640
1590436919709 0.0068574706092476845 6650
1590436919855 0.006298701278865337 6660
1590436919999 0.006059305276721716 6670
1590436920158 0.006555269937962294 6680
1590436920321 0.007167832460254431 6690
1590436920487 0.006253027357161045 6700
1590436920644 0.007155273109674454 6710
1590436920823 0.006275231949985027 6720
1590436920991 0.0062715825624763966 6730
1590436921163 0.006345086265355349 6740
1590436921336 0.006077117286622524 6750
1590436921489 0.0069173788651824 6760
1590436921665 0.005975357256829739 6770
1590436921820 0.006601810455322266 6780
1590436921975 0.007162496447563171 6790
1590436922205 0.006044245790690184 6800
1590436922352 0.006533342879265547 6810
1590436922511 0.006161439698189497 6820
1590436922653 0.006579396780580282 6830
1590436922804 0.006470055319368839 6840
1590436922960 0.006013593170791864 6850
1590436923099 0.006278912536799908 6860
1590436923261 0.006103984080255032 6870
1590436923416 0.005795627366751432 6880
1590436923559 0.006603499874472618 6890
1590436923705 0.005932249128818512 6900
1590436923863 0.006787657737731934 6910
1590436924010 0.006411031354218721 6920
1590436924172 0.006561407819390297 6930
1590436924333 0.006171992048621178 6940
1590436924481 0.006652170792222023 6950
1590436924626 0.0060820197686553 6960
1590436924767 0.00656086765229702 6970
1590436924907 0.006404198706150055 6980
1590436925062 0.0065324194729328156 6990
1590436925213 0.0061503564938902855 7000
1590436925358 0.00629771314561367 7010
1590436925499 0.005974250379949808 7020
1590436925643 0.005937180016189814 7030
1590436925789 0.006135616451501846 7040
1590436925951 0.005989755038172007 7050
1590436926106 0.0065272110514342785 7060
1590436926249 0.006408561486750841 7070
1590436926390 0.006136516109108925 7080
1590436926543 0.006792949978262186 7090
1590436926683 0.006558233872056007 7100
1590436926831 0.006427198648452759 7110
1590436926975 0.006356060039252043 7120
1590436927118 0.005980369169265032 7130
1590436927274 0.006240978837013245 7140
1590436927435 0.0062853689305484295 7150
1590436927589 0.006410318426787853 7160
1590436927739 0.005908436141908169 7170
1590436927893 0.0068372138775885105 7180
1590436928044 0.006211509928107262 7190
1590436928276 0.006689167115837336 7200
1590436928421 0.006199569441378117 7210
1590436928564 0.006488686893135309 7220
1590436928713 0.006267381366342306 7230
1590436928855 0.006327810697257519 7240
1590436929005 0.006087754853069782 7250
1590436929159 0.006579610053449869 7260
1590436929308 0.005861328449100256 7270
1590436929467 0.006147283595055342 7280
1590436929619 0.0061820922419428825 7290
1590436929769 0.006036481820046902 7300
1590436929911 0.006159857381135225 7310
1590436930053 0.006286917254328728 7320
1590436930194 0.006167565938085318 7330
1590436930340 0.006083908956497908 7340
1590436930498 0.006563076749444008 7350
1590436930655 0.006052120588719845 7360
1590436930835 0.0066256956197321415 7370
1590436930975 0.006246143952012062 7380
1590436931119 0.006289644166827202 7390
1590436931278 0.006118155550211668 7400
1590436931431 0.006318776402622461 7410
1590436931584 0.006356694735586643 7420
1590436931732 0.006613907404243946 7430
1590436931891 0.006206394638866186 7440
1590436932049 0.005836564116179943 7450
1590436932199 0.006266816519200802 7460
1590436932347 0.007037218660116196 7470
1590436932499 0.006151185836642981 7480
1590436932639 0.006350276060402393 7490
1590436932789 0.006380086299031973 7500
1590436932939 0.006492461543530226 7510
1590436933087 0.006347365211695433 7520
1590436933234 0.005924922879785299 7530
1590436933437 0.006432742346078157 7540
1590436933599 0.0058076465502381325 7550
1590436933756 0.006696400232613087 7560
1590436933903 0.005726680159568787 7570
1590436934064 0.0059912255965173244 7580
1590436934218 0.006635492201894522 7590
1590436934451 0.006281848065555096 7600
1590436934599 0.0059913224540650845 7610
1590436934747 0.006468472070991993 7620
1590436934899 0.006283273920416832 7630
1590436935044 0.006680317223072052 7640
1590436935197 0.006155733950436115 7650
1590436935344 0.006676073186099529 7660
1590436935504 0.005915680434554815 7670
1590436935667 0.006505103781819344 7680
1590436935822 0.006018142215907574 7690
1590436935965 0.0061237504705786705 7700
1590436936107 0.006271763239055872 7710
1590436936250 0.005655952263623476 7720
1590436936408 0.0069739907048642635 7730
1590436936566 0.006153943482786417 7740
1590436936723 0.006464879494160414 7750
1590436936873 0.00659908214583993 7760
1590436937029 0.006103925872594118 7770
1590436937183 0.005859734490513802 7780
1590436937335 0.006308865733444691 7790
1590436937484 0.005693118553608656 7800
1590436937627 0.006404214072972536 7810
1590436937770 0.006030671764165163 7820
1590436937914 0.006283787079155445 7830
1590436938057 0.00602717325091362 7840
1590436938201 0.00643891142681241 7850
1590436938343 0.006185851991176605 7860
1590436938483 0.0063018943183124065 7870
1590436938629 0.006633901968598366 7880
1590436938772 0.0061642820946872234 7890
1590436938912 0.006336231715977192 7900
1590436939054 0.00593767873942852 7910
1590436939196 0.0061617703177034855 7920
1590436939336 0.006694189738482237 7930
1590436939479 0.006411943584680557 7940
1590436939626 0.006206943187862635 7950
1590436939779 0.006269387900829315 7960
1590436939923 0.006265565287321806 7970
1590436940068 0.005928614176809788 7980
1590436940220 0.006692229304462671 7990
