1590432683712 0 0
1590432683883 0 10
1590432684032 0 20
1590432684183 0 30
1590432684333 0 40
1590432684477 0 50
1590432684621 0 60
1590432684766 0 70
1590432684912 0 80
1590432685058 0 90
1590432685200 0 100
1590432685350 0 110
1590432685496 0 120
1590432685640 0 130
1590432685782 0 140
1590432685923 0 150
1590432686064 0 160
1590432686205 0 170
1590432686344 0 180
1590432686485 0 190
1590432686625 0 200
1590432686767 0 210
1590432686910 0 220
1590432687055 0 230
1590432687190 0 240
1590432687332 0 250
1590432687483 0 260
1590432687622 0 270
1590432687756 0 280
1590432687895 0 290
1590432688037 0 300
1590432688176 0 310
1590432688316 0 320
1590432688457 0 330
1590432688598 0 340
1590432688738 0 350
1590432688893 0 360
1590432689036 0 370
1590432689180 0 380
1590432689321 0 390
1590432689538 1 400
1590432689678 1 410
1590432689826 1 420
1590432689967 1 430
1590432690123 1 440
1590432690268 1 450
1590432690411 1 460
1590432690552 1 470
1590432690692 1 480
1590432690833 1 490
1590432690974 1 500
1590432691114 1 510
1590432691253 1 520
1590432691396 1 530
1590432691537 1 540
1590432691680 1 550
1590432691824 1 560
1590432691968 1 570
1590432692109 1 580
1590432692249 1 590
1590432692388 1 600
1590432692534 1 610
1590432692675 1 620
1590432692817 1 630
1590432692960 1 640
1590432693104 1 650
1590432693250 1 660
1590432693394 1 670
1590432693540 1 680
1590432693683 1 690
1590432693830 1 700
1590432693970 1 710
1590432694109 1 720
1590432694250 1 730
1590432694394 1 740
1590432694548 1 750
1590432694702 1 760
1590432694850 1 770
1590432695000 1 780
1590432695141 1 790
1590432695363 2 800
1590432695506 2 810
1590432695657 2 820
1590432695799 2 830
1590432695942 2 840
1590432696085 2 850
1590432696230 2 860
1590432696379 2 870
1590432696531 2 880
1590432696685 2 890
1590432696838 2 900
1590432696983 2 910
1590432697124 2 920
1590432697297 2 930
1590432697454 2 940
1590432697597 2 950
1590432697743 2 960
1590432697901 2 970
1590432698087 2 980
1590432698227 2 990
1590432698392 2 1000
1590432698530 2 1010
1590432698667 2 1020
1590432698808 2 1030
1590432698949 2 1040
1590432699089 2 1050
1590432699231 2 1060
1590432699371 2 1070
1590432699512 2 1080
1590432699654 2 1090
1590432699795 2 1100
1590432699940 2 1110
1590432700094 2 1120
1590432700245 2 1130
1590432700388 2 1140
1590432700527 2 1150
1590432700669 2 1160
1590432700807 2 1170
1590432700981 2 1180
1590432701140 2 1190
