1590432683712 0.11841374635696411 0
1590432683883 0.11035537719726562 10
1590432684032 0.10445259511470795 20
1590432684183 0.09863804280757904 30
1590432684333 0.09100155532360077 40
1590432684477 0.08058785647153854 50
1590432684621 0.07183971256017685 60
1590432684766 0.06620273739099503 70
1590432684912 0.06447708606719971 80
1590432685058 0.05818946287035942 90
1590432685200 0.055471453815698624 100
1590432685350 0.05290966108441353 110
1590432685496 0.04963254928588867 120
1590432685640 0.04686296358704567 130
1590432685782 0.04325801879167557 140
1590432685923 0.04229516163468361 150
1590432686064 0.04020291194319725 160
1590432686205 0.03923182561993599 170
1590432686344 0.03963998705148697 180
1590432686485 0.03615489974617958 190
1590432686625 0.03714165464043617 200
1590432686767 0.03494293987751007 210
1590432686910 0.0351484939455986 220
1590432687055 0.033332470804452896 230
1590432687190 0.0347241535782814 240
1590432687332 0.030864696949720383 250
1590432687483 0.030911026522517204 260
1590432687622 0.03014823980629444 270
1590432687756 0.029380545020103455 280
1590432687895 0.028464140370488167 290
1590432688037 0.03008396551012993 300
1590432688176 0.027898967266082764 310
1590432688316 0.028127290308475494 320
1590432688457 0.027509275823831558 330
1590432688598 0.027346916496753693 340
1590432688738 0.02610068768262863 350
1590432688893 0.026264918968081474 360
1590432689036 0.02692723087966442 370
1590432689180 0.0253466684371233 380
1590432689321 0.02608593739569187 390
1590432689538 0.024300573393702507 400
1590432689678 0.025737442076206207 410
1590432689826 0.023844942450523376 420
1590432689967 0.023734252899885178 430
1590432690123 0.023043515160679817 440
1590432690268 0.023445943370461464 450
1590432690411 0.024056879803538322 460
1590432690552 0.022371847182512283 470
1590432690692 0.02162010967731476 480
1590432690833 0.022945791482925415 490
1590432690974 0.021492039784789085 500
1590432691114 0.02142830565571785 510
1590432691253 0.02187352068722248 520
1590432691396 0.020786769688129425 530
1590432691537 0.02120029553771019 540
1590432691680 0.02107795514166355 550
1590432691824 0.021596526727080345 560
1590432691968 0.021992221474647522 570
1590432692109 0.02114984579384327 580
1590432692249 0.020440978929400444 590
1590432692388 0.02101762406527996 600
1590432692534 0.020947309210896492 610
1590432692675 0.020361434668302536 620
1590432692817 0.01941441372036934 630
1590432692960 0.020223788917064667 640
1590432693104 0.01868526265025139 650
1590432693250 0.019172653555870056 660
1590432693394 0.018909567967057228 670
1590432693540 0.02021501027047634 680
1590432693683 0.01992126740515232 690
1590432693830 0.018575048074126244 700
1590432693970 0.018604489043354988 710
1590432694109 0.019047603011131287 720
1590432694250 0.018955470994114876 730
1590432694394 0.01781931146979332 740
1590432694548 0.018925869837403297 750
1590432694702 0.018494343385100365 760
1590432694850 0.01814931258559227 770
1590432695000 0.01844455674290657 780
1590432695141 0.01739291474223137 790
1590432695363 0.018090540543198586 800
1590432695506 0.017996912822127342 810
1590432695657 0.0181388258934021 820
1590432695799 0.017337538301944733 830
1590432695942 0.017453867942094803 840
1590432696085 0.01712333969771862 850
1590432696230 0.016693033277988434 860
1590432696379 0.016363177448511124 870
1590432696531 0.01726493611931801 880
1590432696685 0.01605420559644699 890
1590432696838 0.016950637102127075 900
1590432696983 0.017593279480934143 910
1590432697124 0.01596922054886818 920
1590432697297 0.017244389280676842 930
1590432697454 0.017808519303798676 940
1590432697597 0.01684674434363842 950
1590432697743 0.017063811421394348 960
1590432697901 0.016592467203736305 970
1590432698087 0.0165120717138052 980
1590432698227 0.01648591086268425 990
1590432698392 0.01594475470483303 1000
1590432698530 0.0159049853682518 1010
1590432698667 0.01633594185113907 1020
1590432698808 0.016130603849887848 1030
1590432698949 0.015013717114925385 1040
1590432699089 0.015717338770627975 1050
1590432699231 0.01631331257522106 1060
1590432699371 0.015845023095607758 1070
1590432699512 0.014877669513225555 1080
1590432699654 0.015235603787004948 1090
1590432699795 0.015103858895599842 1100
1590432699940 0.015721837058663368 1110
1590432700094 0.015784654766321182 1120
1590432700245 0.014883512631058693 1130
1590432700388 0.01498785987496376 1140
1590432700527 0.014768745750188828 1150
1590432700669 0.015199102461338043 1160
1590432700807 0.014254726469516754 1170
1590432700981 0.015020034275949001 1180
1590432701140 0.014570125378668308 1190
